num pairs: 10000, min val: 1, max val: 100006360 6920
6717 9327
8032 8066
2608 4280
2186 4690
4017 8984
5465 7616
2342 2635
1640 6880
1836 7217
5189 6305
9585 9619
5416 8627
1091 9109
7643 9503
2342 4331
5026 5848
5329 6512
7936 8406
610 3683
2056 2946
8116 9056
1974 2578
8584 8717
5771 9667
5977 9729
3520 3574
1609 4362
936 5463
7990 8040
5316 9184
5989 8977
441 7205
2842 6702
1301 8310
6588 7793
7633 9867
8191 9643
1217 6734
5691 6302
2593 6886
1190 3423
7640 8705
5832 6605
5303 9683
2573 7477
7885 8339
1174 1443
1541 3416
6391 7666
9837 9966
6794 9657
5856 9282
275 5679
3649 3910
3719 8464
8419 9257
2116 8594
3505 8797
3818 5887
6913 7174
9523 9979
4238 8205
2779 4181
817 4715
5834 8332
7087 8566
2361 8044
1957 6421
3101 6538
4288 7711
1722 3558
4907 9859
8837 9233
4720 9337
1528 4076
2141 6368
8934 9787
8697 9250
873 7588
4324 5271
3362 6199
2668 8029
4396 6042
6489 7366
7885 8111
387 2768
539 4563
338 1208
2593 7432
7678 9398
6244 7011
741 1873
7824 7859
2443 5484
3688 5816
6945 7405
8285 8996
2642 4684
4583 6482
9174 9285
8315 9728
7854 8682
477 6506
7993 8122
8867 9326
2834 5736
2710 5586
132 6393
1747 9840
385 581
3789 9187
8448 8744
3321 4149
2658 7318
9094 9804
5024 7982
2297 5946
4687 4943
8553 8846
4367 4725
1696 7057
3831 8125
8027 9216
566 6776
1983 8693
1645 9995
4094 6187
4725 5829
1998 5016
4415 7030
6923 8483
2465 5134
870 3892
995 4968
5837 6335
6158 6869
9222 9943
1473 6186
4174 6496
3744 8522
8748 9155
5920 9375
2692 9939
877 6311
1727 4934
9110 9522
1527 1598
1845 8216
3395 6181
2556 6292
8005 9820
3532 6078
2367 6364
5413 9211
6075 8881
1112 9037
8850 9405
2897 7392
5730 9870
675 6088
5718 7870
294 4436
9233 9942
424 8923
6176 7992
8725 8871
668 5399
650 6548
6332 9361
5206 6749
4729 9262
3408 7262
7625 8453
5591 9728
1489 9770
6509 6980
3919 8579
2364 6048
5449 6635
5251 8429
6366 7008
5937 8072
6230 7229
3240 5373
8197 8466
8314 9803
9339 9339
445 485
9834 9878
2292 9922
4983 9986
5844 6142
4985 9508
9081 9654
8209 8388
2923 9973
7165 8380
5362 7958
300 1568
8704 9511
1335 1905
6538 9085
6722 9492
8715 9508
7527 9139
5961 7083
949 3970
8480 8483
1700 1932
2235 3565
2497 3024
2156 3140
6126 6738
7443 7696
2166 9388
4638 8358
5160 5851
5928 9549
972 6333
3862 7405
8824 9364
696 1865
1257 2619
2884 6366
2086 7872
1071 3473
9499 9789
4411 8145
511 9471
9155 9609
6068 8828
3119 9959
4559 6657
3460 5584
3743 5508
3912 7257
8709 9574
6220 7299
3950 4070
8509 8907
1176 2175
4843 4870
2387 6960
5107 9192
8177 8845
6456 9579
7125 8025
1059 6610
8187 9467
4450 6417
750 9074
3419 6426
1178 1419
9480 9745
5349 7136
422 3968
2303 4017
9099 9753
8337 8750
2429 3684
3066 5411
3744 4216
3740 9196
7110 9367
6941 7211
5768 5878
9271 9771
788 7643
7041 7205
2152 3120
1560 2721
5813 9818
3517 3600
1223 4883
5723 8269
111 9615
9872 9912
2682 7769
7493 9790
1150 7641
9840 9843
5489 8866
9361 9444
3918 6486
8023 9399
8458 8727
9065 9971
5934 9185
7004 8765
8147 8212
5999 9469
1762 4970
6222 7467
1271 2337
855 9416
7707 8931
6421 6941
909 1971
3299 6899
1571 2891
3981 7402
2113 9115
2113 6332
2115 6390
6783 7931
8512 9815
2222 4754
7315 7327
7460 8850
2188 8757
5548 8002
701 9248
3439 4689
5764 7674
7097 9330
1819 7705
8137 9159
4508 6924
9987 9999
342 2818
5719 8496
6422 6815
666 5448
3436 5101
9720 9895
5123 7342
3094 6708
2251 9692
5537 6493
6875 7312
8803 9436
3794 7755
1339 2818
7442 8101
767 4047
1241 5836
7393 8307
8721 9608
4676 5164
2986 5051
3191 4605
5741 9957
4577 5833
1310 6819
7028 8723
9691 9883
7316 8087
2224 4271
6048 9757
6092 9410
7931 8716
5893 6482
668 4206
994 7638
1847 6325
811 6673
3850 3983
3396 8728
4857 5517
6462 9239
7717 9093
8148 9862
605 3194
8405 8685
132 4071
154 6717
464 8190
3353 8714
1584 3965
3585 4060
2138 8405
684 4127
4208 6912
2355 4819
1566 5725
7513 9623
5060 8229
1864 6361
7848 9494
5894 9772
3093 7449
5957 8946
5666 9864
3133 8137
1730 6927
2564 9964
9090 9603
6833 8123
6183 9753
9475 9516
2122 4923
5892 9419
5824 9608
8701 9311
3946 4088
7144 9614
6756 8712
963 5007
4518 5045
5271 9000
9611 9693
2908 8895
785 4643
1174 4197
1242 6376
4939 9216
247 2610
3376 6031
1728 8234
3613 7293
8846 8879
3356 7235
5267 6257
9652 9981
2138 7973
4193 5612
3606 6393
3985 6609
5562 7135
3346 6804
9173 9806
6200 9098
6877 8123
6380 9267
6919 9239
8001 8821
4768 6466
6629 8953
6755 9944
137 7711
1484 4528
2280 4157
8913 9682
5037 8674
6087 6127
8667 9768
3539 5975
8854 9071
7617 7642
506 2092
990 4011
7670 8472
834 985
5287 9308
6306 7324
8918 9337
5355 5600
1041 1213
8778 9556
1280 5439
6778 7024
7167 7675
9834 9935
9630 9654
5938 7664
9121 9490
5713 7693
1289 2141
1923 9057
5845 8730
1255 8928
8380 9533
3555 3602
62 2723
8676 8873
2935 8282
2573 9769
5952 9690
6453 7132
2107 4239
4864 6559
958 3535
4346 8721
9482 9506
2983 6451
8525 9034
8787 9763
4037 6773
355 640
9546 9628
7920 8291
734 3292
7031 9567
7321 8449
8875 9688
7902 9722
2626 7426
9923 9996
9628 9698
5917 8895
7767 9610
2834 6054
4710 5709
6243 9428
3518 4042
8701 9237
1421 5108
6514 6837
3799 6993
6854 6901
4213 7047
3960 5428
5303 9024
7622 9313
1891 7949
8874 9973
69 3222
3222 4851
775 9269
6897 7990
3584 5262
1632 8804
2587 9674
9917 9942
9702 9766
8188 9128
8979 9768
4353 6878
4352 8302
1293 9509
2596 9397
6397 6781
5511 9992
9911 9950
5910 8332
2886 4268
1129 3495
349 3415
5216 8776
5012 6282
7711 9686
6574 7114
1353 5633
2758 6003
9212 9517
6280 6837
4155 5979
3794 8976
2804 5662
81 3761
3716 3974
1914 8964
371 2088
9719 9844
3273 7635
6286 6710
452 606
6896 9047
8654 8658
7393 8464
1186 5783
5574 7054
9199 9872
9 6201
1709 4553
4835 5019
2186 5469
5350 8327
4994 5803
6167 9199
1550 9908
5055 5953
1425 2626
8590 8907
4708 7357
2843 9071
1357 4081
4254 6193
9363 9991
2174 4064
6214 8453
3524 4973
4195 6126
2099 5223
6382 8406
1270 3222
1980 6127
5166 9897
4464 6427
7401 7637
2331 4837
1005 4550
9451 9957
3348 9429
1772 5571
9443 9824
5762 6715
9730 9961
9240 10000
5548 5874
4948 8451
1019 1232
6065 6262
4607 7978
1610 8003
8088 8965
9395 9798
1492 6717
971 1523
4428 7259
2502 9285
8604 8649
2092 8238
9643 9878
7580 9675
7899 9520
8452 9088
1003 7591
8291 9047
9700 9801
5872 9823
2670 6959
8201 8354
1887 3330
6244 8809
385 6671
5654 8233
7207 7676
551 1688
4403 9871
11 9607
3742 4469
3184 6843
7683 9824
5856 7996
6228 7106
3759 5433
1387 9979
494 3645
3975 7435
9084 9946
8472 9085
3712 4482
7245 8680
9190 9848
1307 1467
2800 3554
4199 8082
1483 7439
349 7644
303 5863
9580 9775
1335 7433
4882 8289
546 3603
5522 5528
1319 5837
8758 9438
704 4501
841 3417
4617 5455
6041 6152
8552 9209
7453 8740
7909 9705
9841 9875
7282 7995
4680 8777
4736 8193
3490 4221
2581 4473
5300 6664
5032 5905
7322 8710
2209 5920
6840 7614
4652 7824
4353 9213
8196 8802
9176 9838
1248 3801
2144 2511
3697 5632
8467 8998
7948 9766
5723 8295
9056 9430
4843 5030
1465 7200
4180 5614
3514 6810
2575 9845
50 8570
7327 7634
7277 9910
4568 8425
3440 5291
9013 9370
1506 9161
9522 9852
1371 4568
1910 6396
3670 6972
6212 8111
4844 9387
8396 8452
1256 8019
7185 9827
2429 5249
3569 8969
4618 7384
7491 9126
1174 5984
2407 5802
7540 8736
557 7635
7263 9850
7415 8710
8294 9441
6944 8685
6311 7478
1441 2760
1876 4612
3695 5217
7273 9299
5860 5921
5197 7946
9302 9948
2778 2818
5854 7243
3509 6374
3839 8571
2719 6364
2772 8414
5583 8022
9777 9779
9670 10000
7564 8486
1209 5809
511 8065
8371 9146
994 4555
7311 8758
1345 4862
2016 9926
6531 7573
6046 8649
613 1385
7316 8746
3891 8439
2802 8545
1655 9668
8284 8347
9159 9487
9392 9895
7019 7441
1471 1803
5558 8987
7229 9167
6772 9908
5172 7956
4874 7373
4965 8708
2719 3900
6422 6668
2788 9914
1535 7399
950 3257
3636 7479
5400 7689
710 1546
1291 7259
4345 7258
5925 9530
9249 9721
6565 8512
4134 7557
2000 8513
9613 9804
8111 9875
8854 9038
5158 6214
4116 5671
5931 9214
2469 5462
1241 2974
8607 9718
9473 9574
571 8284
1366 6605
8312 9947
4021 5515
8527 9725
9851 9889
5272 7739
7405 8954
7975 9424
1267 8546
4691 6443
1729 9519
5003 5634
8796 9805
9857 9886
9270 9457
5750 7276
4764 5432
9077 9600
9480 9737
4262 8001
8891 9358
71 8769
8965 9996
4800 5947
3827 5060
3454 4224
5153 5355
3646 6565
9817 9830
913 8583
7264 7791
3788 5434
9137 9735
5242 9198
6942 9449
6017 9698
9952 9982
9979 9984
7459 9228
8825 8871
7985 8329
7759 9822
3604 8824
3746 5194
8708 9248
3526 8410
5318 8266
2465 7461
9174 9961
7326 9144
6301 9639
732 1009
1642 9733
9751 9886
5498 8950
2764 3136
5762 8093
1397 4261
9925 9936
443 3717
6604 7313
5885 7592
7686 9205
2034 4889
8345 9348
6674 7909
1477 7882
8995 9413
2865 9775
1014 2653
2689 5968
1659 5846
423 9560
6454 8692
4217 5271
9995 9996
7640 9687
1147 9824
3944 5610
7596 9477
7 2750
4552 6286
2750 9896
6368 6974
5864 9655
9226 9609
1775 4878
4441 4477
1336 2008
606 3928
6606 7676
2556 3501
4571 8761
7712 8326
1801 3671
9628 9770
1491 7540
4851 8237
7744 9420
1717 2493
6359 9781
491 4976
9441 9908
2604 6638
8547 9410
2358 3284
610 1194
9827 9902
1172 1223
8520 9515
7833 9300
886 2360
191 8960
2338 6921
8653 9507
5384 7440
9467 9930
6441 7404
2858 8838
8003 9967
3459 9840
3026 9854
7762 9613
9994 9999
8925 9605
4060 6984
3323 9884
5923 7970
7849 7991
9000 9292
2724 3989
123 6352
2966 3405
4060 9896
2125 2478
4807 6771
3774 8381
3529 5266
5618 8662
9234 9371
4142 6013
8145 8832
1069 3309
1967 3845
8672 8864
8953 9216
4622 5205
3258 7617
2479 8833
8173 9930
7497 7726
722 2088
5214 9765
5780 6337
5836 7013
964 1839
4212 8228
8731 9137
395 6508
9569 9689
5325 9687
1404 1599
7590 8597
920 5351
9793 9986
4321 6022
3610 4525
8715 9569
6858 8896
181 2883
8380 9197
2904 9129
624 9109
2296 5906
4492 5437
5799 8103
1603 8105
6942 6958
9092 9298
3737 7269
3080 7276
342 718
7120 7265
4343 6020
4758 8585
6179 6933
3826 4760
6549 7090
5241 9683
2437 8090
244 6267
7788 7798
9574 9871
4342 9632
2800 9119
6611 6646
2232 6591
3436 8245
2154 9245
1497 4485
9427 9743
9294 9853
5683 7883
3383 3525
8058 9262
1753 6123
7085 8567
9360 9499
559 6398
5725 6769
4874 5391
1308 3953
2178 2593
6159 6838
9286 9706
6169 7431
4171 9548
7944 8557
5778 6609
2975 8754
1774 4277
6508 8555
2255 7689
8723 9789
58 9413
4156 9996
4982 5422
9601 9870
9278 9640
9605 9903
4944 9881
7783 8981
6828 9781
2893 8367
3334 9722
1959 3961
271 2727
5888 7912
6835 9412
2449 8117
5538 9622
8652 9072
9624 9646
2307 5429
7712 9123
5471 5778
9293 9914
4040 9385
3822 6018
5712 8582
2078 3615
1977 5665
4702 8378
4922 5609
1206 7649
1706 2733
2873 4165
7037 7804
3482 5432
572 8105
3026 8421
2626 7050
5839 7056
9632 9712
8362 8987
7581 7782
3779 9988
4454 6798
5084 9243
110 3175
9516 9992
3103 8857
3784 7741
492 3127
8773 9055
1992 2914
960 8195
4047 4168
2156 7781
246 7817
8770 9429
4085 5311
8211 8525
8550 8918
5250 5478
2198 3648
2385 9198
4963 7239
6315 6840
691 6893
3542 8048
580 2956
8734 9721
3049 8322
2630 7515
5544 9680
5216 8369
4038 8883
1791 9378
3699 6614
9633 9799
6844 9596
8711 9620
7950 9626
3215 9514
9907 9945
6784 9289
1503 3949
3364 4456
1135 8229
5308 6888
7712 9054
7306 9874
4333 6640
3855 9236
7270 8866
1233 6556
8978 9274
7598 9519
9795 9819
7651 9176
4474 7742
3759 7892
935 8469
5105 8083
1014 6489
1427 9462
2215 8359
3670 5084
438 1101
2141 6556
7792 8729
8789 8996
9497 9960
5080 7077
4585 6760
5054 5417
202 3966
2328 7071
985 7689
6169 7203
1159 7539
7510 8783
1865 5872
1214 8394
8833 9522
4021 7167
189 6646
3991 4823
5550 9452
2897 3170
3782 4195
2041 3721
8584 9414
1873 6531
4571 9923
8937 9366
4866 6043
340 826
7844 8187
2409 9644
1862 4997
4949 5919
7844 8652
7892 8547
3040 6580
4530 7048
5453 6454
1506 9812
7952 9117
6881 7064
8971 9733
3383 8891
1495 7612
4840 7414
3704 7777
6976 9113
2931 7858
147 4936
1197 1481
4873 5766
1549 4774
3341 4925
1038 5199
1754 3286
2398 4314
4444 8717
6061 9170
7326 8611
5082 9609
4729 7454
5136 8226
48 4364
3407 8782
5733 9365
8774 9244
9517 9923
9400 9504
5788 9297
9890 9921
8709 9525
979 9506
89 9397
7298 9478
5519 9890
2767 9030
2396 6288
599 9649
3050 7791
1523 3468
4052 5789
8947 9412
4128 5804
913 4029
8044 9295
7574 8931
6712 7446
5397 6595
9186 9868
6692 9557
8228 8952
2837 5532
2846 9024
8391 9826
7822 9722
6130 8031
5879 7442
755 5934
4576 8027
222 3097
2376 8790
3459 8785
6701 7947
2095 6101
1974 8652
2156 5692
5183 8190
9737 9756
1799 8863
9232 9236
7282 8575
8492 9622
6231 8605
9747 9843
5730 7271
1399 6611
2705 8548
7705 9171
8289 8745
9398 9593
4868 7625
1123 2637
2641 8577
2668 8101
4664 5918
5892 9564
3228 9183
774 8665
131 9201
5328 6139
5963 6896
1351 8518
9294 9586
986 8827
3901 6936
6282 7063
4705 9485
635 9719
2246 5039
4120 9313
162 6629
25 7158
9644 9814
8646 9315
3907 5826
1779 4913
1379 8399
3482 5264
9328 9359
3332 5195
2958 4024
4000 8660
322 7282
9111 9709
1061 7290
101 6760
6142 8602
2046 8462
4941 6409
9977 9988
7931 9536
3530 9136
7358 7477
9875 9977
174 6201
6353 6707
5138 7648
901 1697
3378 8862
6603 8268
8554 8730
7715 9311
3546 4926
2711 9229
8370 9342
6099 6630
890 9181
7880 8376
5219 7344
1304 3609
6414 8873
4235 4656
6718 9211
8223 9277
2980 3241
839 2056
1375 8408
846 8866
4941 6340
7459 8739
986 9030
373 2171
7300 7779
7544 8276
3137 7653
4315 5890
2300 4420
7436 7801
1701 4054
4574 9701
1067 1236
3776 9118
4045 9801
9287 9783
9236 9265
6861 7626
8814 9485
8436 8894
2430 2864
8820 9864
3600 5178
1508 3779
5645 9825
9530 9900
768 6146
1718 8947
1156 3584
6988 9950
5698 8090
5312 7570
8067 9154
3776 8698
19 5314
9939 9985
5276 9108
205 9023
8892 9314
8147 9158
9021 9595
945 5904
5493 8458
4646 8175
8280 9356
4689 5474
9758 9759
5946 6054
9282 9554
5253 9728
4594 9738
6953 9257
3797 9915
1032 3404
3494 6598
3971 5175
7024 8484
2097 4479
5174 7919
9922 9960
3156 8158
1510 7681
7941 9267
8218 8673
6618 7272
661 6584
9890 9998
5515 6699
1841 2287
3206 4965
2661 9586
2495 3713
1869 2388
2428 2968
1432 8127
9755 9838
3630 3949
2111 8626
5941 9747
6360 8915
5414 9846
770 4092
4424 9797
9294 9785
5457 6522
9217 9750
5150 6317
5215 8096
4291 6689
3144 5338
1272 8663
7438 7583
5004 6133
1647 2346
5531 9439
1614 2947
9476 9902
9130 9611
2983 8327
558 8962
8928 9694
7669 8926
4452 9577
3546 6564
3050 3785
2218 8302
5400 7371
9330 9874
952 7840
7245 8790
5611 9016
4159 7839
2168 2343
1830 6543
4093 7880
366 8922
518 2690
6236 6724
2091 8761
6895 8181
5716 5875
7279 9352
9262 9965
6475 8800
970 2483
3668 6338
9745 9998
5648 9291
9391 9707
3775 7160
1548 8780
5799 8290
1117 6924
4355 9546
8950 8992
3606 5921
942 6869
8979 9615
1220 5973
5551 7062
918 9728
4070 7659
1209 3899
5629 6084
1699 5135
5611 6018
6755 7134
849 1458
3656 9523
4771 4876
2118 5454
2261 2360
319 8736
8978 9768
9390 9767
1431 4522
6249 8867
1625 3515
625 4012
4703 7849
3070 9045
4590 8466
5656 6972
1088 1595
8724 9840
2553 5991
4406 8948
4158 6938
7497 9464
8127 9136
9864 9935
4396 9886
3973 5605
6233 7246
7566 8396
5898 7458
7559 9753
9984 9989
4394 5702
9947 9996
3748 6615
7964 8368
5369 8786
8128 8236
7280 8136
7459 8734
4464 9002
3298 5300
6193 6336
8782 9528
4470 9004
4656 8467
9861 9938
9866 10000
7946 8869
5192 9327
7463 8364
4130 6343
2841 3102
6230 8617
26 4010
2075 3917
768 936
7300 8442
5179 9660
8528 8585
1185 5797
4726 4736
3305 8152
7551 8562
6254 8577
5401 7433
5022 7570
7390 9893
5682 6753
3901 8727
1486 9865
3142 5289
2632 8901
7141 7712
2893 6982
9052 9976
9400 9897
2222 7651
9862 9994
3181 8419
5565 6336
8428 8710
6888 7992
778 3275
9515 9889
7922 8224
7090 7473
7651 9600
1153 9264
8003 9224
9909 9976
1648 7323
8299 9009
9644 9961
8667 9288
2896 9609
1394 5760
8941 9305
2129 7875
3258 4687
3512 6487
6434 6922
3029 9820
1566 7624
2523 9267
7488 9437
4061 6966
2091 5071
4768 6574
1991 4151
1838 9400
6838 8871
1178 4643
9181 9522
3773 9938
157 6838
6503 9885
4358 9785
4580 4814
7315 8524
6434 7888
1681 6657
1864 4291
4879 4906
8795 9543
314 7777
3256 6576
5912 6531
5047 9501
3721 6703
9620 9829
4171 6914
9048 9308
5041 8517
9108 9164
2668 5929
5974 8928
6394 9107
7973 9865
2341 5731
5616 9900
5200 8398
8088 9172
7228 8653
3248 7744
2604 6736
5862 7155
213 6893
3471 3575
5550 5818
1050 7382
9481 9539
9898 9992
278 311
7115 7607
72 1862
3338 5308
6069 8378
7319 7879
9250 9727
1423 6400
1126 7945
4963 5617
9812 9918
1874 4741
9482 9997
4641 5691
6496 9985
6818 9730
9572 9604
3969 5885
6264 8793
7993 8037
7449 9466
6809 9529
5253 8638
1166 6323
277 7098
478 4042
2070 6027
7606 7942
889 7905
5809 8420
7725 8853
3678 9789
4360 9914
2777 8301
4383 5959
1608 9578
963 3828
6922 9412
5104 8061
2717 9869
4635 6786
7838 8568
6120 8093
4753 5125
9071 9738
7032 9055
166 3298
6381 8785
9649 9940
5909 8259
963 7830
303 1518
670 6617
2905 8015
7312 8496
5172 5364
8642 9315
9129 9296
5194 6958
5612 7808
9789 9937
7339 7345
7459 7683
7524 8087
981 9536
9229 9899
9935 9941
760 8967
6674 9933
9706 9801
1536 8641
622 7585
4026 9195
7843 9988
5378 9736
5157 8753
1091 9365
8988 9987
1826 4097
8939 9879
9963 9963
8949 9772
6857 7315
5883 7999
3323 4447
5006 7181
9540 9547
9427 9626
1737 7151
944 9150
6682 9316
8695 9370
3093 9520
2697 6873
561 5841
2420 8987
3036 3851
7507 8426
4880 5530
3639 6135
7835 8395
1358 2899
4632 6590
8991 9203
3406 9770
514 4733
3653 8855
7207 9213
6657 7144
1953 8629
1668 4997
7252 7647
7868 8076
9805 9951
1106 1454
1866 9758
5651 6728
2387 3253
2119 9092
1404 7810
1405 2952
6534 8953
1817 3495
3440 6098
7601 9609
4950 9297
3178 7785
3944 7276
7476 7480
5550 8383
5309 7943
1042 9304
4271 8218
3742 7153
7722 8796
6728 8683
3547 6104
7331 7525
1791 8624
6179 7086
286 4880
4359 7019
5148 8611
2081 2150
1090 9573
9264 9372
3356 9539
787 8728
101 8356
156 9851
3539 8692
8311 9667
1688 9869
7037 7783
7794 7897
7374 9876
953 7935
1077 7551
3053 4517
9760 9866
148 7628
6368 7110
3810 8140
1993 3995
5055 5216
8225 9230
9974 9993
4130 5265
2079 6913
563 3163
249 6215
3029 6834
8695 9056
5171 8706
3427 9313
1331 8545
6572 9845
2936 7348
3527 6725
1571 8714
788 2083
5475 6272
1614 8298
4067 6655
8351 8511
532 1002
1889 6047
5801 8772
2018 6354
6894 7455
9488 9611
6280 7924
3154 6535
5433 8118
2205 5272
8985 9657
9382 9704
8917 9314
4496 4667
7633 8139
6234 7710
4551 4702
4689 4892
5063 7479
5771 9869
6934 8775
2468 9119
2606 5535
8568 9771
9849 9893
6242 8829
7465 8116
1293 5717
1141 4896
1096 7349
5154 8827
7954 8051
3121 9303
8249 9049
5313 7756
5277 5399
3849 9029
8100 8993
8910 9653
1148 7258
4699 7971
9037 9104
5531 7619
5150 6601
9474 9881
7703 9816
292 9287
1553 6964
8121 8184
8259 9973
8402 8716
8794 9518
9405 9657
921 997
7556 8535
3229 8231
163 8447
6883 9475
186 3516
7679 9043
6060 9601
3101 7118
4716 8636
2652 3843
3875 5773
8880 9292
4424 9257
7637 8505
8719 8931
2266 7166
6103 8016
1402 9993
9703 9976
5923 7019
3491 9544
3591 8502
375 5194
9643 9945
4918 8666
2947 3600
3867 9208
3289 8546
8726 9218
5358 8398
904 1691
7937 9419
6836 9900
2633 9041
3457 6220
5675 6653
672 1647
6587 9185
7589 9387
3904 5421
3865 5811
815 3398
5302 9746
1679 6894
7377 8298
1601 4517
3469 5250
5138 7464
7595 8556
8902 9473
3981 9683
8303 9455
4764 5505
8787 9043
3153 9398
8683 8781
2607 4642
3664 4691
1249 2070
1420 9459
1702 4187
6940 9330
6247 8526
3996 9587
7797 8663
5969 6904
3048 3090
1277 6969
6854 7270
6783 8455
9038 9714
841 2737
8931 9443
4618 8624
2928 8002
7415 9903
3624 8592
4944 5016
255 6929
4251 8261
4460 5472
5137 6723
411 438
1400 4976
1060 4448
127 3031
2559 7213
716 2143
5821 6546
942 3251
4029 5298
4733 6818
1025 1795
3566 4144
2049 4340
5603 6189
6837 9817
9312 9705
9034 9807
6000 7062
8042 9235
917 5682
3260 6199
5593 9668
195 4995
185 8074
4646 9632
9987 9998
296 3004
7036 9533
5050 7920
1614 2339
1934 3926
1866 7597
5259 8236
340 5012
1981 8496
250 7462
3963 7865
3937 5486
5923 7881
5193 9990
8473 9451
7597 9456
8605 8739
7868 8749
37 8332
6718 7551
4975 6781
3476 7970
4809 5072
6274 9952
9737 9907
9028 9879
3097 7310
3869 4230
5974 9364
5443 9423
8633 9469
3997 7671
9183 9687
2459 8987
2453 4565
8385 9755
6836 9115
8148 9031
3492 8732
1229 5077
2734 6685
646 4394
6150 6845
613 3933
3480 5408
2465 7014
3256 7764
9359 9453
7604 8553
194 2615
4541 7933
1032 8137
599 5148
579 8521
4430 9884
5520 9211
215 9364
9082 9123
2188 4673
4739 8350
9296 9804
6337 8058
1323 2877
9909 9963
7856 9631
9764 9972
7505 8176
5299 9109
2673 5639
3674 6635
3416 4939
8340 8808
7289 9316
6986 8884
6443 8160
4197 5465
2647 8513
340 7754
7068 8513
5259 6019
3768 7281
9588 9799
106 1707
6799 8378
1523 9055
5381 8606
6692 8224
6384 6707
1354 2186
4129 4270
545 6703
5709 5724
9091 9684
1872 5371
6704 8035
5900 6558
6729 7306
2072 7889
7762 9262
6878 8309
8997 9549
7936 8585
2600 4793
5693 9785
1889 6056
3829 6028
7607 9420
6817 7929
7448 9116
6889 9872
8826 9245
7196 8804
6925 9908
763 1527
5478 7001
6930 7404
3262 7404
7964 9438
7439 9551
6410 8705
7203 7397
5312 6016
4694 9496
7927 9716
3089 6027
8952 9272
1294 2507
2045 7635
4198 6120
592 3303
5237 5537
6332 9532
4153 9372
5442 8581
8837 9180
5799 5934
662 6767
5003 7168
6476 7037
4852 7080
1960 3608
1226 1996
4966 5647
2249 3179
9788 9796
2997 9484
9398 9534
2885 3244
5077 9768
3075 5199
5418 5600
898 3950
9408 9748
8670 9480
369 5198
7479 9743
7923 8287
2033 2776
9055 9420
7730 9842
9824 9986
4383 4707
3386 6925
7119 7582
9444 9773
8762 9936
5523 9932
3321 9550
4605 8986
5892 7312
8578 9729
6734 9646
977 8391
9720 9742
5863 9046
2629 9102
2420 7855
9665 9836
5545 5893
1091 5803
4492 6072
6038 8414
39 5291
1545 2541
6901 8008
3273 7627
3388 7783
6034 8663
6541 6732
6250 9678
6112 8634
659 2131
1707 8975
1184 8511
4616 7916
5813 5849
5837 8613
5807 7816
9254 9485
9548 9807
3016 8646
1937 5860
9059 9454
3060 8704
7995 9452
6667 6892
3246 7934
9081 9247
6810 8603
9905 9976
174 528
4736 6397
3838 5085
6633 9843
7542 7608
8037 8568
5934 7860
2870 9057
4689 8685
606 5640
9222 9743
780 2608
2667 4685
4004 6850
6310 7816
237 1885
3280 9285
7291 8831
4444 6500
3317 8160
9202 9384
7192 9926
5890 5907
4230 9928
3801 5853
2034 6136
7762 9646
1839 5820
7518 9257
2414 6450
3770 9678
2915 7301
9812 9975
5144 8237
4847 5054
5688 8353
2420 8494
9544 9645
2344 8200
30 8307
8206 9052
8022 9578
6346 8617
636 4837
7515 9458
3064 7863
9863 9957
8488 9114
6708 8004
347 1390
1382 3082
4724 9786
3839 5023
3942 9431
469 5587
5740 8008
5730 6224
591 1736
8002 8629
3680 5789
4447 5388
4477 9075
910 9073
4095 5358
4878 9546
9774 9858
4807 8491
5407 5712
3165 8627
5104 7374
935 7374
7183 9378
3057 7751
8881 9337
8334 8870
597 4424
3925 6841
3346 9121
8414 9527
6195 7477
18 4179
5377 7587
2374 8362
9406 9899
845 4752
8982 9500
1308 4238
6128 6692
9076 9928
9998 9999
5885 6082
1819 1827
2514 5557
101 9244
6343 6918
5773 8912
5773 6475
8657 9574
7323 8448
8280 9537
1617 1808
4332 7209
8601 9141
9409 9461
2648 4420
24 5548
968 3112
938 7052
5701 7221
86 588
419 2102
5530 6308
4652 5474
1862 5568
7054 7632
5586 8955
5946 8851
3413 3417
8433 8879
5390 5612
1473 3389
3077 8113
1574 7347
839 8624
9778 9806
1170 9495
3848 6134
7732 8464
486 5638
3623 8019
693 3553
7528 7713
8671 9922
3678 8126
5072 5720
5676 8188
2886 9739
5982 7888
1571 7992
8222 8911
7776 9826
2542 5245
8144 8940
454 9184
272 8310
5143 6045
1640 5164
5759 6170
1426 4978
9205 9548
7149 9130
5983 9910
3623 5179
4562 5318
4335 8537
3012 6465
9783 9960
7974 8990
9695 9942
7562 8770
7135 9105
5072 5871
2281 2819
4935 5575
1289 1885
770 8307
2408 3868
2314 2329
6354 8656
9050 9733
4711 7269
3263 4980
4099 4244
9915 9919
2983 9078
3325 5207
3461 6066
8746 8902
5188 7856
2819 6048
5020 9842
8993 9278
8252 9078
6223 7353
627 4970
6192 9341
5334 9398
2799 7570
951 9639
6577 9217
5524 6177
7757 8243
4667 8095
2320 2712
1867 6428
7969 9144
2942 6815
3364 5021
8665 8934
7569 9127
2685 3527
5093 7743
3530 4529
8627 9108
8806 8989
4167 6005
8548 8828
2609 6249
3123 4139
1330 3295
327 6781
7354 9422
8822 9924
7791 9490
2647 3369
7922 8774
4131 5359
2562 6471
3676 5919
3263 4827
6593 8249
5171 5791
2732 7201
7907 9546
5808 9554
5334 6591
1272 4771
1641 7239
8378 8518
2049 5867
9684 9735
2533 4999
8922 9428
8725 9322
3568 4309
8758 9176
5296 9606
4485 8350
707 6746
2710 9489
3415 3582
3841 5965
3011 3273
7197 7232
89 6405
9314 9858
2370 6550
7790 8838
4531 9899
2833 6777
2510 7649
5888 9657
5585 7371
9990 9996
3150 4655
2748 4539
2088 9321
2466 4114
4933 6819
808 6718
9691 9974
3309 7319
3511 5433
3559 7426
4043 6434
5260 6564
1511 4098
2112 9142
6346 7664
2838 4362
6008 8592
7298 8732
6129 6324
4717 8646
4561 8611
6352 7826
4496 8103
654 1085
8605 9312
5995 7953
8402 9047
3342 8042
1613 3084
9337 9917
5513 7876
6689 7360
1075 2850
4002 4559
9037 9778
1960 6374
8462 9328
1848 3383
5292 9184
4967 6856
555 5758
9307 9335
7615 7876
9882 9965
599 6798
1847 7900
3310 7650
2639 5933
705 3452
9220 9495
8729 9678
5625 6622
4027 7771
5715 9019
2330 9544
3523 4850
3429 4797
3910 6307
6693 7298
28 6340
1784 2429
3061 8986
6524 7971
1241 3920
4221 8670
3665 8041
3228 6215
8174 9619
1291 3184
9380 9798
8360 9435
6820 9935
6099 9936
1982 2384
9988 9995
7745 8063
8392 8697
3084 4239
1864 4835
3992 8591
6987 7740
3540 6983
2476 6626
6405 6668
5034 5750
7430 8882
3139 9314
9644 9947
5928 7731
7590 9008
3341 9485
4462 6195
9476 9557
1549 3149
940 1907
9510 9751
3009 4245
5039 8620
3719 6056
8944 9128
7435 8720
1354 7962
3635 3906
8954 9301
4821 8017
7760 8509
641 3137
1659 7348
3140 5491
5666 8198
6963 9426
7133 8709
8497 9310
2826 9990
8196 9651
6170 9471
693 718
5868 6484
255 2607
2089 9891
5634 7160
6073 7331
7772 7864
2914 7998
603 838
889 7019
8261 8414
5824 9981
6665 8469
6685 9687
5694 7074
5417 5449
5690 7155
2984 4639
4457 9175
1499 3145
8211 8563
1994 5214
9801 9883
2841 4632
3548 7687
459 9660
7957 8456
9846 9979
9693 9766
4069 8318
4609 9220
1672 3158
2870 5388
3474 5671
3718 9813
8312 9045
1825 3238
1336 7808
1291 9307
2943 5106
5729 6406
6341 7730
175 2367
6585 9606
4001 9329
3196 5772
2623 7962
1024 8872
5860 5869
9434 9795
5843 9827
7472 9352
3625 8267
7264 9140
8193 9353
1666 1946
6796 7979
6511 6970
5230 7565
5428 6204
7619 9972
752 5057
4552 6045
4553 4640
2699 5056
2546 5768
5018 8216
4946 5205
355 6359
5694 9807
6047 9638
88 215
9872 9888
1299 7805
7303 8185
1669 4585
6186 9778
6203 6649
8352 8409
659 8373
4115 4297
1127 9977
4279 5558
696 3780
7824 7963
1273 7018
7108 9453
4085 7504
3858 7810
6724 7733
8759 9029
1005 4918
9398 9920
756 4661
1161 1670
6028 7244
8502 9951
9129 9252
5912 9044
774 3813
6236 7861
4302 9874
7797 8657
6335 8807
2007 8160
496 9584
7018 8739
5029 7675
8052 8947
5290 9993
3838 7719
3197 7259
789 9457
1790 8137
6782 8546
3380 4699
5982 7736
4974 8406
9131 9144
2979 5568
8683 9230
864 3617
6597 9001
7618 7705
3545 5916
6316 7849
8711 9744
6196 6512
175 3040
5036 9030
6150 8237
4982 5576
2284 5184
384 2987
4817 7246
8192 8537
5256 6734
3515 8264
1086 3771
6688 7035
2032 2576
8357 9770
1495 6778
3086 6402
3483 4938
5200 9582
3404 9936
4618 6172
3657 5639
131 2386
1364 3036
750 4042
1582 4849
7937 8558
573 1007
9997 9997
1103 1713
284 5636
2265 9320
6916 8172
7476 9939
4952 8538
2892 3617
9316 9584
6209 6486
4192 4613
6974 9807
1294 5292
7690 7932
6777 7922
1483 8024
9411 9923
9662 9966
2866 5922
7005 9820
6662 9563
9973 9979
5166 9073
9737 9870
4425 9881
7321 8570
5880 5912
2962 5489
3552 3810
1272 4589
12 9654
7936 8327
5392 6840
6449 7352
9560 9871
5270 8529
3110 6062
5705 6270
1823 6080
80 713
1851 9910
3536 8482
1360 5804
5993 7191
7441 8798
6512 9614
8232 9832
7017 9276
7707 8200
4308 4607
4580 6036
4705 8407
5953 7914
7823 8548
952 7680
9307 9454
2886 8451
7218 9464
7801 7844
9672 9698
3885 8631
9452 9657
3790 5345
3651 9549
7131 8713
5661 5688
256 5930
6350 8297
9046 9391
9314 9956
4488 6533
3370 9886
8522 8903
3867 5782
1132 8869
3206 8247
6883 6998
1127 7313
7229 9007
2910 5464
5176 9077
2386 7787
6670 8369
7291 7441
12 6497
1074 3348
59 1202
1581 5670
2592 7911
585 7290
9733 9864
6934 8572
2602 9431
9611 9905
8979 9031
3028 5496
5146 6595
7386 9828
1124 6467
4953 6581
4514 6104
9160 9637
6641 7897
6973 9531
8501 8823
8424 8749
1481 6668
2477 8984
9158 9280
976 6189
8319 8716
5122 6176
453 7977
1897 9187
1394 8842
8292 9668
6978 9266
3924 9010
9742 9955
8315 8420
7519 8626
991 9384
9403 9966
7065 9792
5757 9532
6356 9249
4625 5125
742 2607
7110 9967
4159 6640
4962 7623
2217 2451
8945 9847
904 2906
9889 9993
2064 5931
5610 9592
6876 9042
3863 9750
9078 9262
524 965
868 1232
7065 7158
3452 7333
6653 8852
4197 9222
234 4573
375 4610
3607 9194
1387 4324
5313 5415
9427 9850
5525 7210
2869 8249
2260 6610
6384 6615
8686 9960
3681 5584
7268 8251
8281 8610
8322 9626
7049 8235
319 6263
8164 9813
6704 9647
6617 8907
3442 4709
7912 8893
9322 9804
2629 8432
2053 4637
1213 6050
391 9373
5183 7533
9393 9820
8994 9214
866 7137
6289 6704
1208 4663
8676 9958
8182 9931
1199 6427
6112 7725
7930 9283
5769 7883
4216 4304
861 3718
2223 4927
5726 8992
5888 7869
7360 8350
3191 4554
9301 9650
6763 9348
6437 6583
2856 5365
8560 9091
4937 6583
2479 9985
4488 7255
434 3747
3630 9287
3517 4812
77 503
1448 5307
6992 9514
7130 9653
1205 3130
6820 9081
9235 9831
2037 8255
3636 9406
1570 1809
5523 8660
1156 1637
1679 1827
2249 4151
5051 5234
9635 9848
1927 5215
9091 9484
4821 8451
232 1185
8338 9616
8400 9110
2112 5882
4512 7882
5849 7884
8836 9433
666 7991
3818 6982
6301 7198
2225 9305
6274 7298
9149 9693
3303 4013
5426 9476
157 9729
8992 9675
5344 6881
9270 9297
122 6648
6835 7662
2609 9197
3379 8136
9479 9679
1782 8507
6384 7890
6366 7145
5285 9076
3274 7848
7919 9122
9908 9984
8418 8800
637 1104
3342 7371
687 9367
4586 8274
9384 9714
6195 9741
8025 8728
1970 9823
9475 9807
9164 9220
3271 6531
1441 2966
8488 8539
4109 5679
9802 9812
5022 9157
567 9178
7023 7895
3404 9591
7470 9272
3493 3825
9217 9250
5208 5623
6207 8538
9324 9493
4253 7871
9219 9602
1737 2359
4418 7916
7403 8790
3459 8739
6213 9099
2228 6092
5557 7603
6767 9699
1360 4074
9391 9893
3360 4780
3597 8969
4905 9072
8681 9996
8042 8294
8495 9717
5527 9365
8062 9491
9527 9607
2109 6639
4980 8096
4159 7300
4290 5926
8652 9107
3603 7088
8848 9986
5735 7221
3143 5375
7332 7780
1140 4128
5607 7225
6044 6355
3962 5259
9594 9727
1510 9237
6213 8006
501 8193
1164 4043
120 9759
7170 9203
7704 9708
3865 8995
8152 9570
4412 9464
6328 7680
2879 6193
3139 6085
2791 7237
6984 7473
1067 7205
1393 1660
3467 6935
6121 8496
771 4104
7411 7466
8227 8642
7615 7660
5408 7729
9222 9876
7607 9889
9125 9512
5665 6017
6160 6221
5808 8251
4049 5746
5677 9844
2134 6538
6951 8852
6234 8709
2183 5764
4412 8277
8073 8494
7056 7160
9031 9791
4398 9276
4544 7574
2669 3568
8438 9600
3332 9537
2831 4528
2134 5348
5880 6315
9835 9931
4708 6630
5981 9172
877 4050
4766 6185
5071 5356
4849 8932
2038 5296
4013 6325
7030 8946
6250 9745
9122 9310
3517 9889
9300 9404
8471 9874
7398 9242
1954 4488
6186 8329
5639 6480
2081 5497
178 1663
899 8412
4738 5343
3983 6101
3922 7922
9591 9651
9779 9877
4805 6531
1390 3382
443 3055
3758 4965
2964 8469
4281 7702
5486 8106
113 2479
6071 8057
6550 7730
5782 9244
3797 3813
1807 8595
972 2299
7697 7959
2882 5486
2963 8774
8634 8751
7811 8065
8075 8531
2141 5067
8650 8890
2159 3753
9867 9878
4762 8697
2995 3892
9275 9473
6828 8463
4001 6489
1590 3599
7453 9992
8277 9356
5584 7648
6204 6888
9943 9965
7536 8379
9469 9865
6539 7946
3017 7226
5614 7023
8268 9589
253 3133
713 1956
6417 6856
7058 8738
9541 9664
6081 7275
5091 9133
1256 4338
3927 8642
4703 9144
5763 9911
8176 9593
7828 9779
3416 6008
9891 9971
5576 8579
7461 9681
2281 6328
3909 9598
5722 9531
7631 8679
5543 8667
7072 8780
7076 8772
7481 7491
8721 9507
1134 3352
2348 8091
8376 9795
8826 9839
3743 9410
2164 8745
5494 8093
1589 6790
337 5484
8018 9102
9812 9908
1597 7756
1299 4617
9220 9597
4740 9041
5800 8960
4712 5789
1176 5391
7344 9377
3160 5025
673 6362
8295 9671
4983 8911
2890 3328
8218 9800
8866 9492
7508 9576
3745 4026
3069 7067
8210 9349
1176 9155
2341 7728
2765 5041
3581 6178
6873 8693
7945 9131
308 5537
5908 9323
9903 9968
5720 6827
1198 9008
3054 9167
2821 4943
2934 9574
7177 8680
7194 8561
2578 4509
8281 9822
415 6394
3402 3440
7154 9204
4357 6099
5653 9414
7510 8287
6326 9656
518 3172
4498 9945
2053 3334
6372 7821
8597 9645
4450 5565
8873 9261
3006 7043
5801 7615
4414 9962
6489 7090
931 8406
5374 6018
5474 8923
6611 9956
2531 5483
6930 8534
2913 8868
3626 3756
4111 7823
4537 6615
5349 9408
2407 9175
298 4995
9443 9867
5012 9666
1272 4172
7375 9428
9000 9584
3977 7384
4602 4876
6079 8182
9957 9962
6779 9820
1100 9606
7493 8456
8870 9401
9644 9957
979 1438
1019 6842
6782 7344
8974 9790
3661 7988
78 5817
2470 6280
4937 6086
9155 9258
8482 9933
3026 4861
2720 9905
9164 9385
5483 7208
1030 4996
8478 8603
1394 2872
4273 8039
8071 9600
7656 9087
3382 6194
1130 1261
9363 9423
2749 9689
2266 3501
1899 6277
3420 9541
2370 5464
5678 6474
5399 9911
1498 4944
466 4061
3819 4375
4823 6368
9148 9985
5641 8607
6237 9207
4556 9614
2762 7735
7679 7841
5520 8210
4232 8207
6866 8898
4472 5833
9887 9888
2569 3019
3905 8106
2392 7819
6069 9315
1641 3666
2435 6737
3712 5684
7274 9783
407 7206
3906 6421
3206 7535
558 1282
8083 9972
3107 6246
6930 8901
330 8830
4587 9226
6663 8209
3063 6988
8374 9637
9762 9923
6606 8953
4711 8240
6961 8268
6922 8801
2947 5892
1708 7220
5313 8532
1490 5978
1273 3960
9410 9471
1040 8059
4358 5716
3530 9664
2291 7271
7320 9208
764 7317
1431 3119
7527 8535
2982 3137
2693 8644
8492 9807
9968 9985
6711 8806
111 5520
520 4963
6690 7443
9516 9596
7742 8886
9789 9855
9279 9317
9022 9641
4961 6272
1065 6143
6431 7894
2336 4058
8626 9198
4249 5962
8601 8633
5109 9572
460 3692
8857 9028
3329 5277
2302 4579
2554 5871
269 1303
2499 9268
5791 9285
6236 8364
8287 9173
3638 7402
4054 8386
2372 6436
4080 7720
1711 8160
1952 2482
2257 3504
7933 9323
7074 9266
6311 8007
6633 6706
366 1572
3933 8749
5071 7050
701 9169
3445 9666
4768 8863
9052 9568
5563 7998
2260 6099
460 2090
207 4665
2530 5359
2517 3941
4255 7517
2838 2907
9392 9927
6589 7046
4676 9909
5366 8294
6753 7651
3508 9148
253 8468
1170 4605
105 6355
932 4231
9228 9838
3231 6870
65 2998
7284 7652
8875 9537
5692 6968
1977 9166
6323 8738
5822 8472
7801 9917
4078 7870
5973 7880
9868 9904
933 9718
7984 9023
6348 8238
1827 3585
4028 9726
1110 9075
9296 9528
7367 9026
7295 7911
42 118
286 3252
3626 5804
6851 7618
9168 10000
2201 5017
9145 9301
3215 4125
2057 9704
191 5353
4087 6660
3084 5027
8139 8852
7421 9260
2688 3788
1814 4935
3776 8852
9160 9651
5604 9286
3468 7038
826 6801
5371 9296
958 8490
6785 8236
2440 8780
4314 4362
8693 9926
2800 4774
7721 8283
5784 7502
4980 5314
5634 6641
6889 9632
6848 8626
469 8304
9182 9357
8288 9308
8348 9194
694 2452
6078 7255
8135 8775
7170 7648
3209 7837
7024 8401
5744 7737
4916 5740
7513 8024
4546 5132
427 1653
3095 3425
8741 9568
4354 8300
6825 7456
7272 8104
30 2105
7654 9821
298 8418
7943 8845
7148 8665
9696 9856
1448 3449
4943 5413
8412 8936
4598 9466
8775 9528
4508 7762
4676 8577
1334 7616
5564 8257
8628 9915
760 6015
797 2315
4374 6931
3595 7480
6460 7353
2248 9282
5361 7838
7388 7660
8211 8241
2121 4207
130 9337
6514 8949
1446 2747
9774 9846
2616 6916
315 7546
3958 9097
4015 4311
6953 7543
5821 8024
4679 7694
5999 6137
3548 5245
430 4786
5773 6979
416 1647
6794 7772
3677 5545
1605 9618
56 4545
9935 9958
7198 8545
8624 9490
3058 3208
7376 9695
625 7632
8098 9668
200 4730
5727 9130
5289 5787
5394 7664
8155 9296
3481 6380
3004 4620
5558 5604
8877 9804
1447 2119
3586 8840
1814 4541
4631 6381
2522 3874
3400 5212
5171 5581
7859 8465
2184 7622
719 5364
9570 9855
1949 8433
2324 7541
7045 8663
5187 8160
1390 7064
144 7337
1556 2976
3326 6928
4286 9171
5133 8744
634 8329
5296 6245
6378 6922
2395 3980
8064 8486
2794 4599
7666 8007
938 2400
878 4047
4968 6633
9773 9994
603 7548
4881 5582
3418 8341
2246 8697
4990 6797
2650 5906
5683 9938
1673 6576
4766 5927
7892 9553
31 1689
7677 7914
6895 9340
2223 5988
7068 9026
5402 8021
9211 9272
5572 5668
7857 8013
9231 9600
3803 8488
6150 6969
9726 9909
2837 3905
4914 7072
5144 5455
4454 4537
3079 7611
5824 8149
8116 9269
9766 9924
4462 7018
859 7795
9286 9829
5989 7584
894 7022
3377 9295
6357 8276
1074 1705
6676 6966
5544 8710
9347 9563
9397 9654
4165 9113
7256 8212
7472 9438
9944 9968
2552 3748
162 7114
6313 6748
84 9611
738 1758
7962 9370
3377 3505
3723 6388
923 5998
8600 9822
5293 9695
3257 5649
10 4052
2810 4781
825 9893
5141 9611
7465 7515
8139 8997
8226 8378
8683 9149
5961 9728
7193 8057
7959 8157
3064 9620
1386 5623
5487 6310
7836 8070
6175 8321
7307 9730
4408 8314
3981 4168
5504 8012
4610 7751
620 2064
5359 8084
9863 9913
4234 9846
6480 9287
1446 9160
9023 9933
2617 7650
3086 6411
1353 8546
991 8175
8677 8895
385 761
9022 9668
4267 5515
356 923
4600 7067
7527 8448
8748 9436
2078 5867
5516 6112
7279 7620
361 7357
6167 6351
167 1740
2232 7555
6720 8610
2705 9236
6070 8092
4773 5669
295 5342
9373 9789
1374 7649
7903 8743
1137 4332
2133 3840
2997 4488
7540 8869
8331 9762
820 5215
6959 8377
3835 6426
884 8080
7725 9136
5138 7249
1446 4266
8267 9258
3461 8556
5336 6132
1081 9190
2179 3141
4690 7257
1271 1600
6320 7000
5654 6529
9517 9652
867 2753
9665 9698
8943 9352
9981 10000
8650 9755
3127 3471
5563 7352
9789 9953
6413 8024
2208 9988
388 5265
7626 9630
7067 8439
6489 9673
1083 9818
7424 9645
9198 9555
5595 5905
5098 9433
1001 6504
9769 9780
4623 7433
5395 5612
4754 7946
4875 5583
6499 8057
3241 8740
6114 9497
8778 9894
2599 6390
4835 6146
8759 9686
7622 9469
8210 8882
2584 9125
3904 7041
9426 9808
9568 9704
9783 9970
1419 8424
648 933
6205 7143
7784 9139
8120 9673
6163 9072
2159 6194
4304 7952
1982 2297
4409 4993
7422 7902
5133 9541
2105 8445
2464 5250
2037 2826
3939 4334
555 3712
2200 3978
8808 9283
1433 6297
8160 8747
4413 9151
9933 9955
2109 3606
8976 9986
5436 5496
4495 6321
6056 8820
7896 9709
2723 2819
3544 4954
4494 5807
5464 6294
5951 7536
6952 8115
4388 9937
279 7283
4806 6771
3303 6692
2568 6381
1653 2731
7304 8763
6652 8624
7551 8336
9207 9245
7097 9307
9443 9932
7876 9112
1816 2063
9914 9931
6301 8499
9822 9829
7685 9063
4463 4718
1118 5120
4913 8339
5100 6761
2307 4144
8021 8239
7701 8352
5948 7641
6779 7455
2993 9767
805 9307
3416 8445
7984 9960
5282 5664
8039 8858
5950 8056
1263 8776
4260 6787
8039 9817
4301 5444
5963 7260
6052 6520
6812 8023
1721 8758
5099 7626
223 4892
9106 9317
9857 9868
2935 7482
6609 7990
5153 9228
8691 9505
2803 6565
5009 9248
2586 9330
3065 3394
6671 8682
3757 4673
7259 9982
8800 9167
9891 9896
9134 9549
5514 7559
3699 7642
4222 5743
7400 8590
8250 8252
3663 6811
1770 8142
7084 7125
2226 2809
5070 8867
3406 3555
2285 5513
6958 8552
8376 9380
7468 9387
5633 7338
5706 7539
702 7157
1035 2863
5601 5689
3312 7072
4363 7045
7737 9578
2081 8591
1085 5434
1762 8607
1684 5167
9238 9957
6977 8356
8375 9361
4096 7384
6523 7466
7771 8272
1805 4583
8585 9922
9953 9969
5869 8941
8125 9797
1148 6400
8496 8636
7372 8711
1153 4377
3761 4069
1432 5705
6634 6736
4721 7709
4668 6265
5644 9622
3763 9674
5550 8599
48 1906
2112 4410
1025 4079
8805 9791
6116 9988
4472 5544
9861 9923
3553 5138
4593 7880
3660 8675
6626 8556
8093 9518
5716 9501
5846 9677
4748 4804
6115 6852
4926 4963
233 6717
330 809
418 2213
4524 6765
564 1376
6962 6991
5230 9820
4713 8579
2905 4932
909 1501
5161 5753
6233 8645
9993 9999
3191 9014
8396 9619
866 3098
1650 2452
7515 9948
9406 9480
7372 9814
637 7682
4604 8491
9207 9744
1983 4238
2815 9819
8138 8567
8390 9283
2621 4831
6625 7587
596 5260
9146 9763
7583 7730
960 2893
9670 9968
1622 7237
4589 4816
9717 9949
4266 6114
2887 6243
1890 2005
5755 7407
4556 6058
2477 2929
8538 9218
7350 7649
9271 9422
8192 9741
419 6522
5376 9823
5428 5571
8229 9107
8103 8525
8362 8766
1894 5931
7739 9452
4045 4762
7494 8972
3675 7500
9670 9817
3834 5453
9377 9914
6711 9029
9615 9774
9770 9928
3203 8511
8615 9102
7060 8938
5789 5874
2663 5192
8523 9742
7054 8430
9252 9929
1739 2426
1413 2309
635 4192
2883 3948
6094 9527
8682 9089
9654 9883
3588 8686
7497 9229
1924 6726
8878 9350
3800 6874
5435 6294
1525 6006
2679 8826
4636 7721
4552 6624
3315 3866
657 818
9461 9792
5361 7347
4875 8341
6238 8769
1010 4755
4658 7207
3320 7755
8306 9256
7401 9655
656 1981
746 7571
8514 9389
1095 3280
9351 9499
4218 6936
1316 4087
2112 6036
8368 8992
6788 6951
3979 7848
2714 8469
661 3045
406 5539
6633 7769
261 3653
115 7619
3401 5861
905 1308
5551 7840
8598 8723
6642 9114
5234 6388
716 4431
1590 4845
869 3815
4327 6787
478 1231
1695 5077
1207 2764
4214 4349
6121 6739
3666 5717
6773 7825
5988 6492
7546 9043
3982 9829
6386 7673
5209 8437
9500 9520
7262 7664
3426 7640
8324 9627
2537 3343
4983 7705
8152 9868
7698 7914
8310 9385
6559 9601
6154 9670
3064 7535
2894 7367
3564 6072
1549 1986
8507 9498
719 2572
6212 7160
1952 6158
3007 9510
923 5742
581 6111
9320 9576
405 9880
6755 7602
9843 9992
7288 8166
6675 8790
8381 9437
6872 9514
5083 6717
6988 7666
4385 6954
5412 7795
4105 9668
1745 2652
9689 9904
5776 5944
4663 9209
9787 9840
7592 7887
6201 8398
1826 7986
8918 9007
7929 8589
1641 1992
2995 4509
7813 8169
8934 9450
6298 9137
727 3159
1788 3118
2418 6976
9339 9621
1700 2965
5691 6751
2756 8941
4137 5755
8778 9958
4228 4913
1324 2088
8811 8954
4845 5760
8780 9955
5731 9532
3916 5293
6332 8162
860 7093
8652 8748
9110 9846
2194 8156
5763 9944
2239 9578
4966 9736
9876 9923
2988 9386
435 5072
7938 9361
2215 7375
8466 9372
317 6521
3544 6225
2385 8621
1068 1605
5281 9537
7188 9547
2734 3716
982 6602
4493 8789
1891 4695
2466 9253
5120 7256
1177 2933
7732 9426
6861 6950
3473 4024
2540 9943
7029 8217
1253 6757
8421 9722
1652 9910
6905 8122
2666 5518
7932 8791
2747 9792
4691 8349
1873 3827
5922 9221
9506 9828
2143 6838
5302 8249
984 9668
7248 9396
3872 7148
7953 8216
9202 9966
6193 6273
921 5641
6086 8752
3401 6555
958 3937
3791 7079
9976 9978
3572 6668
5547 9729
2131 9303
2011 6538
7794 8861
3557 4922
795 1047
1726 3058
8348 9426
1217 9150
5566 7129
7409 9503
531 9960
5112 6954
1760 3980
3346 3760
8225 9948
6438 7570
4701 6786
8520 8563
5069 5944
2072 7921
7039 7317
4566 7383
8827 9379
5901 9730
956 1747
1705 5428
8913 9930
5741 8766
5002 7260
8533 9619
5195 6792
6995 7028
1876 3097
4140 9631
91 8155
3735 9146
2915 4547
2014 8186
1910 4992
1688 8865
1800 8047
8153 9649
8884 8912
9651 9732
5958 7711
5878 6124
7798 7804
2222 7639
2022 4347
2750 4787
4632 9286
667 8383
3567 8353
8549 8986
6478 7133
9563 9714
8679 9924
6345 8763
5390 7505
4647 9978
6553 9949
7967 8418
1033 8173
9858 9949
7113 7185
8662 9443
7685 9823
3716 8345
3783 4524
1338 6610
5702 6319
3643 4563
9636 9973
7579 9064
6757 7206
5996 8965
5998 6144
8901 9077
9655 9687
3875 4660
8157 9674
6614 7902
7055 8818
6891 9613
6469 8782
7172 9285
7236 7257
8943 9449
6852 9311
924 5106
3536 7150
928 1715
9081 9208
4019 7756
7293 9744
2571 7845
664 8661
4159 7190
1564 1596
6348 9645
1311 8376
8293 9066
7646 8145
683 926
7334 7599
9473 9677
5211 6811
4758 9013
6466 8179
1271 4734
468 9784
843 7786
3580 9093
2149 3270
968 4948
5877 7567
6009 7768
540 4529
7693 8030
9853 9943
454 5880
7189 8113
7058 9322
7345 7670
9660 9955
6071 9788
8858 9690
8497 9007
1450 9528
4400 4967
6663 8453
9619 9967
455 3144
1034 8657
9354 9433
4839 7664
5900 9070
2107 8549
144 3752
7332 8862
3813 4401
6021 9137
9486 9702
3719 9539
8471 9008
179 4255
4885 6550
1757 9123
9731 9936
7748 8081
2034 7629
4660 8740
8128 9287
2790 4818
9817 9851
5412 8651
8554 9348
7092 9133
935 8633
7286 9391
6834 7453
541 7080
7106 9285
8458 8851
6586 8741
3037 4159
8317 9763
811 2549
4595 7973
5039 7305
8610 9001
2045 7105
8627 9942
515 5998
347 7299
1580 7429
406 4119
2460 7583
1201 5676
3843 4762
4602 5297
138 5910
2905 3521
3261 4448
2820 8104
7809 9038
4066 6608
7045 9128
6186 7793
5489 6387
8051 8245
6065 9308
919 3858
4964 8553
6452 7436
2601 8121
5936 7728
6183 7749
8927 9535
2425 6951
1948 9260
1242 3451
5475 9519
7107 9131
975 8722
9943 9963
9193 9556
7337 9047
8503 8578
4760 9048
4281 7143
4389 7858
2235 6440
611 2210
834 1021
8722 9104
8374 8873
1598 7809
8703 9006
8008 9692
7144 7410
4261 8544
8549 8605
9150 9188
589 5580
3197 6119
3821 6524
282 8828
8459 9520
1985 9686
5077 5905
4326 6972
5526 9881
8693 8792
1899 4822
2078 5876
3122 8717
8400 8651
8104 8470
4449 7273
8211 9233
5927 6828
5294 9696
6872 7533
1098 2466
3576 8903
6813 9894
3377 7329
8117 9238
677 9751
2103 3781
518 8172
4638 5702
5014 7248
1958 2900
336 4544
6323 6770
52 8050
3801 4465
2783 5991
5410 6635
5720 9500
591 8113
9524 9802
6302 6321
4020 7253
8452 9557
8085 8708
840 5644
4880 8188
9782 9987
2951 9287
3765 5568
4241 4348
51 1048
8914 9132
640 7372
8493 8808
9291 9662
3384 6174
4027 4949
4361 4513
8965 9083
337 5849
6685 6895
833 4343
6788 7408
3150 5872
2414 5048
7107 8664
2511 5449
8732 9493
158 8441
3569 5202
4516 9950
5870 6903
2393 7550
4089 6220
2851 6754
7691 9535
4308 6828
474 5624
9395 9719
6716 7112
5133 5754
8099 9698
5559 5639
1624 3654
1945 9627
3113 8095
432 2100
2855 7438
9085 9898
5778 9798
5 3284
5842 6551
5007 9473
7778 7947
4898 8165
7733 9679
4382 5904
8931 9808
4511 9651
4435 8241
2481 4666
754 9981
6460 7722
7210 9239
1572 4726
4162 5261
7324 8374
2989 7397
7732 8641
5671 5763
785 6766
3405 9196
7631 8354
7142 8808
5715 6095
243 1881
2708 5916
8084 8963
7845 8322
2427 3437
2282 9832
6789 9525
5518 6847
2303 3918
4152 7356
8800 9723
7244 8810
6705 6971
6586 6717
9365 9905
950 4652
3312 3880
2190 8532
5008 8875
6381 8819
8889 9899
9069 9102
1541 4071
7628 8820
8195 8749
7324 8509
7665 9151
6290 9374
5213 9615
1230 1339
8139 8815
2647 2982
9487 9930
1799 9786
533 1403
3364 4718
4263 6601
2955 6420
2136 4204
3680 9864
5168 9675
7197 9104
400 2845
8290 9061
9889 9979
953 4954
8387 9951
8065 8497
4771 5939
1843 7704
2206 3568
1851 2245
111 364
9803 9818
6473 8075
3055 4143
2705 3934
852 4067
6361 8411
5947 7459
1953 4163
7027 9977
3137 4779
3629 7604
1459 7841
9897 9948
3643 9437
1015 6649
5873 8346
2168 4817
7093 8240
5746 7454
9674 9813
5213 9403
4124 4875
9994 9999
8401 8473
2447 7937
9811 9818
7829 8057
3032 7184
8275 8360
696 7633
5489 6479
7518 9345
43 2421
6795 7750
2017 2340
2716 8367
3858 4147
1015 8502
3350 5806
3670 5933
7373 8685
952 5849
9932 9947
9024 9034
2816 9083
2357 2620
6213 8216
8419 9783
4662 9273
9508 9655
7533 9954
9939 9944
7387 8472
6213 9352
1162 8433
9622 9810
3888 6567
8558 9682
2496 6632
1812 7347
843 6308
3952 5857
5294 9890
9999 10000
3029 9179
8674 9645
4869 5132
9206 9398
638 2323
206 6820
5678 5828
7179 8063
1923 6012
5791 9270
669 8233
8240 8936
9930 9947
2986 5082
3536 7925
9138 9313
2031 8221
5659 6637
2200 7004
956 7525
5690 6439
5507 6723
2563 8538
4422 8472
4507 8124
3240 6337
8967 9821
716 5981
4799 8272
4686 7898
1819 2261
4284 6285
2775 5680
4656 7805
883 4685
5049 6168
6656 8398
5946 9514
7193 8533
9071 9666
7173 8220
948 2508
6270 6279
7847 8979
4007 8705
7089 7184
2259 5931
1101 4815
573 9063
3643 5237
4809 6441
7193 8739
7273 8160
3681 7688
4106 8340
8347 9831
2866 4503
9232 9382
3812 7099
2594 3495
4145 4634
195 6292
8841 9161
1717 7628
8354 9144
9003 9527
3654 8342
130 9626
6581 9465
1190 2124
4391 6360
2606 7223
8696 9108
5816 9678
932 4530
5852 6230
1419 9433
4349 7476
6558 7026
4970 6064
3529 4955
3573 9155
4370 6133
6933 8738
6264 9734
4460 8069
4230 7465
8803 9848
4040 6317
8024 8105
764 4312
8830 9262
8977 9439
377 5074
3591 6804
7114 7197
2726 9361
4212 8073
9616 9902
7144 8324
57 9717
7510 9842
6683 7984
2327 2924
2420 2761
4449 5275
2479 8128
1042 5818
5533 9879
7243 8571
7814 8262
746 6086
7918 9981
9572 9814
3464 5459
7251 8694
8239 8575
1429 2592
3597 9327
6334 8535
5451 7288
3971 6411
2225 5148
4776 7932
1889 8212
755 9378
4720 6436
8795 9569
6983 7323
7702 8613
8619 9558
2994 7216
3499 3984
7531 9501
6749 7267
8341 8884
2657 9088
903 7777
8871 9600
9885 9890
6107 8608
2906 5403
1138 9706
7495 7961
2735 7664
5189 8553
2385 7502
7451 8773
864 5284
8954 9264
4481 8672
7289 7482
9073 9646
9637 9871
9404 9542
2320 8520
3726 4836
8694 9205
6995 8115
3978 5312
2995 9668
6958 9581
1539 9248
5215 6675
347 7016
1070 2619
7780 8545
2590 8576
746 2361
2952 5245
4351 5679
6740 9393
4488 7945
8698 9985
7374 7882
1855 7236
317 8955
9355 9882
6577 9719
9240 9403
885 1068
8962 9204
7869 9277
8166 8939
1408 5095
6661 7507
2068 8130
60 5806
714 1818
2388 3892
5226 8732
1688 8928
7209 7282
2617 3735
8802 9171
6533 9131
6923 7257
8604 9051
3105 5688
4693 7409
2411 9932
5454 6369
8165 8283
7912 8616
2927 6491
2193 4359
8307 9372
6059 9722
2525 7790
8227 9838
7016 9248
8614 9845
3826 4087
3595 7401
3802 5991
1432 6747
7030 9003
6682 7685
8628 8743
6152 9136
8018 9939
898 2628
430 1969
5102 9647
2280 5601
9293 9839
1251 2678
2599 3509
3109 9493
4107 8811
9552 9898
5865 5992
886 2269
9614 9932
7407 8183
3757 9277
7382 10000
5986 9941
2247 6925
387 1549
9095 9358
6768 8523
2111 9515
9174 9755
3560 9043
9329 9346
8374 8449
7161 7314
6703 7466
3448 8047
9941 9963
6910 8122
8979 9385
6789 9578
7167 9339
6799 8944
2279 9442
7756 8067
6091 6362
8624 9170
7100 7960
501 5435
5022 7318
9070 9136
8410 9234
2282 8848
327 2783
5993 7913
4125 7532
3839 5523
9058 9223
6819 8447
1853 2636
7846 9422
1827 9900
3606 4898
4538 5701
6215 6509
4170 8165
5650 9093
5697 6962
6607 9745
8124 9116
7444 7910
7465 9800
3057 4838
8391 8414
1735 3210
6830 7349
4562 5102
2270 9824
7787 8667
9735 9870
419 3475
4213 8792
2217 3609
7852 9065
8732 8799
567 5849
3856 7638
1833 2091
5474 8043
9334 9820
2614 6902
8430 8509
8525 9278
2981 3437
2675 5560
3829 7451
1035 6052
5904 8811
5478 7788
5501 9105
5338 6699
5045 7405
2617 7574
3944 9353
1825 6039
9961 9993
5812 6479
9715 9943
7981 8851
4795 8509
273 6736
9417 9954
297 4180
9692 9941
1991 5109
7733 9662
1800 3677
2040 5197
1015 4908
396 6693
1258 4552
2080 3927
9563 9834
100 7036
7205 8679
9815 9983
1305 5919
7126 8122
6431 8162
5217 7510
8598 9790
2010 2856
410 9854
7101 9457
5256 7253
7190 9183
7628 9121
2781 9375
430 5060
3936 8663
5888 6639
7499 7605
4058 9657
8825 9312
9998 9999
601 7799
6140 8013
2823 6614
1244 8350
3909 9978
31 8390
7616 8585
4931 6668
9769 9855
6202 8463
4083 6142
1965 5194
8960 9796
9305 9435
8011 9325
8975 9334
5534 9840
1146 6413
2546 9574
6079 7425
2972 9766
6723 8238
1441 9859
4457 9885
4539 9027
9765 9979
1674 9628
2134 2704
72 350
6022 9597
2219 9448
6728 6815
1115 5953
2645 9961
5448 8803
483 6531
8120 8426
7283 7613
511 8896
7863 9872
5785 8160
1387 9483
4396 5724
4364 4652
9287 9381
7877 8584
4878 9742
3094 5676
3957 7614
5172 5992
3282 5239
9567 9792
1432 6299
7976 9545
3803 5595
9230 9243
117 7857
5626 6819
7773 9455
448 8265
100 8373
4974 7633
5785 5806
9329 9703
9360 9850
4968 7980
164 4019
4377 7985
7024 9696
9938 9975
2210 6470
5630 6343
5442 9992
2429 4026
9758 9997
7682 8179
6655 8225
1613 3444
4460 6239
3182 3946
6602 8567
7510 8445
429 4574
1284 1620
7359 9795
778 2994
5664 9966
8664 9031
6191 6397
6837 8114
7265 9294
2610 8790
5075 5607
1326 1691
5070 6397
9587 9981
4335 8059
8655 9822
3448 8833
1448 5290
8322 8740
5767 6684
5500 6893
328 9750
9711 9971
6847 9759
9242 9664
4199 8342
1378 8766
9165 9703
5694 6083
8248 9342
6783 8730
4961 7603
224 4800
506 3102
8907 9331
7871 8832
9932 9958
1914 1944
3057 8787
2344 9575
5165 7917
3702 4625
7000 7125
5523 9248
9946 9997
6151 6613
3287 7008
3287 8829
9114 9438
2917 3960
3292 8346
5543 6376
1145 6782
8105 8801
9596 9751
6876 9244
9889 9963
7191 8984
2964 3949
6670 8418
3749 3997
2564 4175
9840 9920
243 2897
9926 9928
3732 6338
5846 9893
249 2768
410 9368
3072 8198
1729 7249
9722 9986
1623 3609
8244 8995
9948 9972
9679 9846
8066 9054
6740 8673
6422 6818
2583 6175
6934 9207
6473 8755
5908 8871
1050 5277
2865 4178
3969 5028
267 8663
1117 7307
5997 7630
3468 3588
7419 9665
8627 9660
4492 6100
1724 7582
9485 9867
8076 9153
7253 7884
455 4425
9015 9940
501 4089
3788 8810
8233 9916
1650 5307
6169 8089
2121 2226
4673 9654
437 9616
4158 5844
6629 9723
5505 5627
3954 7707
9886 9979
8056 9923
1486 4865
5498 9138
9890 9950
3400 7306
7000 7487
8867 9601
9488 9806
5788 9726
7130 9663
7746 7902
9784 9898
3433 8666
446 3716
7239 8181
3566 3991
9434 9434
2046 6184
395 9642
833 5638
7805 9740
5404 8726
1559 5536
8236 9340
6788 7537
1532 2620
4540 4899
2465 6765
9803 9899
5657 6357
4791 8166
4822 6424
4098 7326
9376 9831
4222 8883
3629 6623
4875 8143
98 2445
7301 9013
2724 4528
5266 8735
2094 2768
6017 9612
805 6230
3470 8598
4175 7405
9508 9993
4504 9460
360 5192
805 3955
6123 9448
8012 9625
9923 9939
1830 6256
6768 8492
5257 6818
4302 5393
6873 7892
2438 9872
3924 7148
7920 8751
1342 4045
8688 9579
3498 5051
8154 8256
2215 9496
9346 9585
9291 9594
2094 3994
3927 4199
8899 9639
7453 7759
7982 8771
1791 4046
658 3752
4393 5231
9568 9690
9826 9979
9924 9942
6976 7563
9029 9380
6236 8569
1536 7487
2047 9746
7900 9334
1806 3525
756 2358
6435 8136
8616 8817
7456 8037
4621 9281
2008 8243
7355 9238
4873 5094
3354 5409
2753 9431
8003 8990
4081 7340
5863 9710
7382 9313
6750 7939
2057 7177
8731 9954
8605 9313
7316 8530
3542 7363
8533 9495
4137 9619
477 4609
8925 9584
2525 4556
4130 9795
8334 8847
6192 9006
698 2738
6418 6825
9013 9900
4188 6579
7123 8417
4322 7138
4100 9553
96 8447
680 1829
6771 8406
7449 8564
5248 7378
7009 8290
2020 8492
4131 5647
9861 9958
5930 8467
8225 9431
5905 8876
9874 9947
1509 2767
529 8024
2868 6765
7808 8513
5111 6360
362 5898
8770 9446
8540 9814
8491 9903
2329 4435
7288 8874
1707 3390
1744 7047
7453 7681
534 9880
1479 9013
7622 8933
4786 7117
5806 7941
3134 7308
4079 8318
4398 5811
5931 7857
7883 8451
7950 9899
5486 7769
1747 7878
2369 3877
1397 4346
9680 9935
2425 4838
7437 9662
9816 9874
7654 8867
25 4623
4085 7616
4489 7077
8482 9918
9162 9368
1150 9288
6109 9965
4333 7065
7167 7238
2906 4139
8787 9515
5839 8197
7669 9334
4417 6136
8182 8483
6790 7127
4035 4464
4935 8327
1210 7381
1899 6371
3356 8516
368 7145
2764 3995
7142 8759
3377 5080
6224 9730
7240 8352
2764 9943
4225 6155
5930 6074
7423 9117
8252 9287
2127 9728
5248 9697
149 1108
2200 9594
6972 7167
674 7307
4816 7526
913 7356
4760 8144
3401 7320
3534 8171
8637 9855
2316 9799
6944 9968
930 3126
4393 5382
817 2227
5037 7244
8400 8544
5846 7776
3513 6036
6992 9325
4714 6572
5159 9583
3779 4754
9003 9756
5044 5904
2317 6100
8742 9257
3900 8223
3557 9279
26 5148
7331 7966
5384 7157
1258 4878
4282 7409
727 5085
7884 8975
7777 9124
9906 9968
898 5792
8976 9628
3101 4466
6140 8749
3428 4016
3916 8487
9601 9811
5672 6138
9669 9870
6419 7298
9126 9607
9494 9755
3072 4986
7303 9471
332 2219
9147 9191
4625 9586
7147 7399
1160 5582
1857 5242
2376 5120
4026 8760
9843 9897
621 5600
8596 8704
1210 7483
8027 9168
1644 9718
6370 8318
7159 8317
5955 5985
544 3112
5542 5912
9444 9547
9076 9912
8570 8739
5188 7373
5702 7424
8316 9182
3881 8741
2792 9129
6611 7787
2912 3797
9618 9865
9588 9592
5715 9767
9817 9871
9071 9559
4043 9457
9500 9687
8019 8192
5997 9041
8226 9111
369 9480
7845 9390
8089 9368
1329 6970
6052 6224
726 5661
8761 9641
3797 9970
5692 5695
9779 9936
5591 8193
8715 8873
507 4515
8708 9407
9201 9494
1527 5117
5103 9717
3379 9343
242 2831
3294 4248
3269 6051
9158 9917
9490 9783
9677 9969
230 5826
6769 7704
7265 7556
1642 5512
3413 9524
8391 9463
2030 9891
7777 9506
8958 9455
7607 8775
6982 9621
2546 2568
2524 5187
6191 8204
5716 8104
1024 6581
3958 7616
9429 9803
2659 6289
2676 9802
9338 9801
1455 1824
9460 9761
4791 7977
6180 6484
1720 8146
6373 8629
7163 8679
4189 8867
9288 9802
8858 9201
1930 4242
3951 4544
4827 8131
5500 9005
277 9979
3539 7865
4852 5026
107 5028
4085 5198
8773 8946
391 5978
3601 9317
968 8035
7416 7764
5082 9559
6671 9919
8236 9121
5469 5926
3453 9865
2497 9900
7226 8160
4113 7835
9115 9793
8165 9169
5842 5915
136 5136
4795 7587
6109 7257
1996 5294
6882 7560
9254 9784
1323 8802
1315 3220
1218 1739
1398 6531
1708 8806
6085 8387
8897 9578
8017 9022
7864 9519
8912 9550
4739 5963
4709 7668
8213 9944
5741 7679
6675 8580
5887 6282
3962 8977
9180 9805
4898 5105
3384 8939
7229 9691
6610 7526
5713 8303
854 1633
982 7946
3161 6758
2017 9938
6648 9162
7700 8326
3410 8050
5496 9598
5306 7596
8652 9168
6294 9022
5166 5726
1621 1766
2603 3047
4649 5493
1547 2933
1288 4806
9210 9691
5827 7688
5117 7980
2066 4853
1512 9415
2205 8937
1108 9660
4301 7778
3693 8704
5067 9947
3793 6940
3179 4447
2835 6085
9873 9945
979 6367
9716 9850
5206 7377
5702 8065
1370 2567
1695 5856
4954 7248
4139 8946
8537 9679
7967 8219
92 8935
4507 6207
2023 6426
3769 8871
5468 8545
3435 5579
8205 9981
1771 9265
6595 8567
580 6880
2572 7982
5307 8550
3419 5031
8823 9330
698 8002
260 6677
5431 7497
969 4084
7021 8088
7727 8563
6268 7423
1040 3532
3159 3945
5309 9721
8757 9972
3088 9079
6529 7629
2376 8862
9026 9495
3696 8912
6981 7854
904 3217
4716 7704
2813 5994
9931 9977
6138 6745
4710 5401
955 5261
9352 9792
3862 6056
2624 8275
9617 9790
9486 9956
2005 2991
6750 8283
5122 5324
8062 8160
4873 8985
3220 9895
8986 9137
9462 10000
5734 8554
3593 3856
2984 9847
6346 9796
5922 6621
6852 8502
6455 6587
152 8791
3413 5751
6442 8427
891 6435
4105 8248
4218 6488
4642 7104
7285 7464
6705 8391
3324 5225
7607 9597
4379 8994
5436 6440
1323 8935
2662 3275
3273 4379
4712 9824
7658 7952
4582 9804
607 8176
7803 9045
9630 9723
2975 5493
3545 8747
3227 8690
5757 8623
5630 9445
8845 9732
5526 5709
6740 9287
4269 8806
439 8937
6706 8419
8007 8903
754 2562
9877 9945
9739 9903
3468 7491
2745 3677
3504 9639
7420 8234
1279 3340
8830 9764
2194 6666
6454 7244
5303 8529
1128 8838
3856 4472
3738 9682
2098 9642
9413 9780
4605 6858
5073 6714
283 4122
6370 7588
249 2965
3644 5423
3132 9127
5563 7279
7693 8114
2832 9866
5851 8018
297 3162
8292 8786
3337 7941
4675 6239
1217 2124
9714 9814
222 5891
166 7344
151 4172
2287 9981
6317 9384
9859 9978
7463 7603
1774 8451
1479 4717
3989 7406
4442 9012
9971 9981
2434 4329
7580 8727
6374 6547
2300 7722
4589 8467
8828 9097
1697 6272
1747 2737
766 9906
5546 9737
9391 9996
2925 3736
2346 8491
226 8827
4223 5008
496 3329
251 5514
1707 6165
8001 8092
3939 9039
3669 5264
4939 6397
4000 8746
8176 9116
2131 7615
4389 4889
4294 6227
7486 8836
1967 4776
6996 7817
7338 9869
7760 9717
1354 6622
2743 8897
4793 8679
3742 3822
2396 3562
9630 9683
3942 7218
6333 9535
3377 6289
6331 7563
7071 8807
2231 3968
6608 6878
3134 3650
12 709
7633 8808
2470 8053
2595 7082
1913 4410
9550 9703
8508 9078
346 4841
939 4817
4021 8464
3983 4998
8681 9663
2879 7977
2132 4630
4116 6910
8004 9933
6481 8091
8216 9570
4962 7747
5601 7976
5279 8620
6606 7831
2435 6137
8530 8550
5799 6304
1367 4635
4517 4981
9296 9353
8241 9089
7040 8753
536 8851
3591 9363
4380 8579
84 4969
9202 9374
339 4185
7238 8981
4849 5038
1969 3416
2689 3978
8367 9218
2505 4373
3192 9252
6276 8208
5652 6893
5845 9667
344 5962
4626 7371
4548 6470
5338 6389
8085 8234
7983 9753
7212 8846
9788 9946
6958 9370
4854 8612
2944 3633
9853 9890
3325 8742
5895 5907
8122 8689
9266 9303
5544 9162
7284 8720
4838 6230
6764 9154
4800 4851
5865 6445
8952 9728
7284 7778
9785 9952
9533 9564
2327 7304
2786 9939
4055 7673
9959 9986
2770 9308
923 7415
8290 8469
3828 5504
5922 6760
4045 8537
3596 4552
4917 9929
5194 9230
4621 8438
5879 9439
295 3163
8164 8971
1145 3779
4909 8111
7452 8588
7874 8886
8364 9839
7830 9916
7772 9095
3592 7055
1513 9691
1841 3781
4317 8605
8100 8175
4133 4184
7539 7714
6254 7003
9565 9737
5336 8890
7295 9662
5764 5964
5520 6163
7162 8377
158 2886
3501 6492
6577 6929
8742 9631
1249 9859
8443 8910
4193 4833
1402 3190
1455 3730
7732 7906
5458 7543
3315 7648
5179 8821
9664 9970
5958 8215
473 4017
1572 7236
3420 4187
776 9483
3030 9420
6269 7257
1476 3089
1729 7186
7468 8385
7070 7075
5251 7741
1871 2664
8715 9179
9698 9971
3477 4853
876 6293
3646 4223
5454 6520
9764 9986
3227 3618
6098 6294
6311 7869
6383 9419
7430 8983
6792 8029
8344 9379
6409 9783
6452 7810
6498 8525
5236 5255
4271 9221
8136 9385
869 8507
880 4417
3470 9386
8746 8974
6406 6959
820 3297
631 6795
6313 7696
2387 8164
1804 2362
5842 6770
2811 9013
5776 6758
966 5195
4688 4849
7978 9414
5483 7199
9415 9643
6918 8815
751 5031
2046 3555
9521 9855
2785 5871
2332 6943
7876 9928
5384 6163
6132 7093
4151 4742
2330 7718
9322 9971
1197 3927
4790 9754
8196 8903
6803 8860
9208 9791
8620 9801
2314 4285
1385 1466
9161 9635
3528 6378
2015 9915
6904 8107
1672 3713
8076 8773
733 7696
7739 9393
2556 6634
8852 9726
3652 6507
8788 8981
9486 9767
5056 8135
8768 9045
4451 4635
1672 8168
7477 9579
8165 9200
1530 6194
1124 8556
1582 2264
5112 6329
8170 8340
4201 4321
9088 9469
4184 8499
4162 8198
5134 7589
769 6958
3720 9260
6492 8684
5030 6976
9745 9895
5230 6505
9251 9872
3089 3205
1639 1969
9729 9740
5786 6779
2045 4939
6111 9605
8162 9181
2738 7041
6828 9798
9699 9708
2692 9739
5166 8482
6734 8658
9514 9817
8415 9902
7145 8717
5689 8489
5984 9675
4526 8488
9366 9610
3764 8698
2162 9410
335 356
8787 9586
875 1973
2560 2690
1652 3397
6375 7537
9844 9905
359 5974
4062 5330
4646 7502
150 5720
1260 6655
897 1033
4112 4179
8152 9797
6015 9079
3049 3759
4412 7901
897 5065
2037 3533
5768 7404
3285 6300
608 6607
2315 4190
2723 5451
1669 6343
1982 2676
4238 5154
6763 9546
3743 5676
5297 6191
7447 9366
3858 4334
1675 5952
6728 9281
663 1037
9283 9775
3804 4090
4137 9138
6680 7797
1124 8771
5536 6593
6496 6927
5950 6184
5840 6658
6725 9067
9283 9862
5177 7490
3313 7439
5258 7793
7220 8640
5043 7791
2570 8477
2329 6681
8364 8521
6653 7719
9791 9944
4559 4661
4923 9871
4742 9468
650 3494
7758 9864
5368 6832
5456 5669
5453 7500
6176 7201
9061 9317
5211 8614
3240 6114
4828 5958
3567 6751
3298 3403
9730 9801
824 8854
4535 8372
602 2208
5643 5712
1376 9777
9781 9817
4592 9186
3454 8387
38 3791
9411 9642
7954 8579
1888 4305
801 1813
7065 9108
1410 8658
7615 9968
9441 9823
1617 3764
8619 8716
2821 5208
7539 9570
3532 9924
955 2556
8385 8499
9266 9721
4866 5249
9914 9958
300 4064
3722 3785
7708 9927
8021 8040
6615 9400
3007 5799
6388 8032
187 5151
8321 9193
6384 9776
7475 9673
7685 9378
236 8606
9281 9881
5525 7825
8179 9722
2455 8534
1264 2673
4605 8289
2166 2582
9440 9780
5067 9316
8487 8489
4767 6745
6837 8226
3562 6263
3695 6932
379 8698
8282 9239
4914 6929
4821 6534
6967 8886
704 9091
5032 5368
3573 9742
6445 9167
2144 3258
404 5437
8631 8958
630 5430
8704 9394
530 9469
3346 8031
6535 9879
7911 9910
2556 5014
9313 9864
6218 6820
2916 8691
5491 8520
3315 8652
5039 6392
6139 7022
9374 9869
4362 6087
1276 7223
3084 6323
7901 9719
8462 9413
7152 8730
3471 6360
629 1209
264 1563
8407 8491
6059 7328
3418 4182
2331 5891
8689 9458
8294 9728
1189 3528
1802 4319
6542 6897
4438 7001
2426 2756
327 4762
366 3463
5778 7856
1857 9359
7061 9895
7631 9763
8278 9030
3864 6048
5601 5953
8620 8660
3825 5419
1178 7418
6333 9283
64 5220
3155 5290
201 1424
8155 9308
8550 9335
5556 8942
4873 5084
9281 9970
269 9892
3393 9112
321 2505
6053 7893
9240 9964
3521 5611
5559 8904
8773 9765
1505 8633
3778 5757
4363 5826
6011 9033
828 1469
5611 6366
889 2601
6854 6887
8952 9536
3285 9657
1197 7275
122 2318
7328 9983
9358 9689
1235 5020
4178 7043
9827 9854
3762 7823
4989 9295
2290 4207
8662 9220
3386 6833
2135 5978
4579 5025
2237 9432
5735 9146
6870 9311
7241 7421
7832 7960
2008 5606
5863 8649
458 9838
3837 7953
6601 7501
2188 3319
1519 5334
3654 8314
2705 9303
3697 5295
8093 9142
615 2527
5194 5378
7822 9937
9166 9217
7740 9913
2508 8124
8990 9792
4732 7916
2701 3259
7494 7503
3037 4349
4258 8902
543 9817
7791 9617
4772 7139
9100 9139
6732 7984
7179 8797
9118 9428
4636 6042
7080 8959
5519 8723
1969 7427
5078 9103
2680 9010
8169 9745
7084 8398
280 7416
2685 8208
7497 9698
9212 9356
614 2927
5279 9566
3255 4837
8286 8416
4479 9926
8314 9663
1417 4706
5542 7427
8935 9869
1146 6029
6967 7226
2195 7840
9750 9818
9047 9364
8050 9783
3811 7820
5522 6139
9993 9999
1611 3778
3535 9655
4395 7887
7188 8499
7129 9825
8255 8912
2795 9583
8490 9556
8820 9543
5419 8540
3367 3397
3410 7084
9003 9156
3766 7320
4127 9328
684 8710
3464 5566
5847 7739
9304 9674
5749 8704
3369 3794
424 3603
7818 8839
9587 9776
1535 4361
4795 9813
3314 4980
3551 7414
5116 7994
6757 7091
7857 8226
3382 7327
3663 7454
5969 7308
5311 9115
5789 7052
1948 5268
9515 9911
3605 9326
810 6876
1057 4664
7444 8658
6541 7165
8242 9954
5542 6585
9186 9531
7885 8193
4531 7209
886 9805
281 2846
7207 8208
664 2039
4565 5986
4651 8709
8509 9643
1091 5235
6098 6333
5899 9629
8320 9408
5097 9355
7545 8998
4772 6417
3317 4483
2657 8646
6980 9375
9814 9979
2987 8460
9766 9868
632 1937
3022 7986
6838 9132
2535 5678
1310 8771
8532 9739
5036 6241
218 6806
4955 7816
9294 9409
2580 8579
7801 8555
5990 8552
9010 9719
6592 9594
8526 9998
3451 5613
6232 9440
5167 8830
5658 9031
4914 9665
7463 9308
9071 9482
8373 8631
4381 5715
2539 4962
3275 7314
4913 8792
3301 4151
2163 9919
7435 9844
1724 3267
4215 9535
6953 9987
7516 9098
1012 2871
6509 8478
8048 8610
6808 9595
7863 9721
481 6595
9421 9730
3193 4691
3569 8620
782 7470
8845 9232
2785 6569
6442 8946
143 9278
7634 8887
9206 9953
6167 6825
622 5796
187 4820
1250 7679
6724 8830
624 7690
6065 9003
1603 9823
4586 6365
9581 9598
1088 5496
3906 6379
4028 6608
3693 5101
5256 8669
5044 7008
682 8454
6442 8087
4840 6545
7627 9331
5961 9697
7363 8777
2594 4661
1749 4959
6277 8604
4420 9576
1677 5087
9587 9830
1170 5893
5756 7560
9454 9904
1951 6792
6597 9353
5994 7786
1800 8137
828 3147
4541 6008
7578 7764
4595 7017
2800 4257
2341 2566
7557 7634
2508 9167
2687 4465
2272 2402
6111 8443
4388 8390
1321 5545
158 1772
7194 7702
4581 4665
3897 6942
8107 8546
968 8816
3620 9864
1326 3013
1527 2931
6082 7272
7143 7957
8565 9966
8951 9494
9028 9596
1038 1407
8457 9038
2824 9494
5540 7218
2902 9705
1723 8504
1747 3059
7118 8756
1735 8126
7588 7627
9556 9835
3979 8302
5336 6998
1352 1514
9048 9101
4838 6167
2152 9176
7345 7441
8203 9925
156 7146
6518 8075
1724 6805
407 4758
5184 7709
1180 8321
7843 9230
7934 8868
1994 5551
6611 7009
7070 9506
1291 2545
509 6922
9678 9727
222 9565
3335 6385
8347 8773
192 2537
1814 9110
29 5865
7680 8700
3784 9075
1678 8308
5479 7467
5946 7085
2962 4368
792 2212
1515 1577
682 9670
964 2981
5220 6462
5318 7662
1583 8644
737 5147
4727 7644
333 4764
4178 8895
6251 7598
1260 2083
9801 9826
6046 9983
2166 2317
8806 9404
944 3914
1359 6853
4205 8537
4357 8316
1907 2923
2516 4585
3115 5680
3512 5505
506 3396
4507 9256
7822 9093
660 8275
1334 6993
2389 2742
6494 8369
2185 3366
7351 9446
8301 9625
3260 3272
3120 5835
5398 6448
9841 9902
2521 2676
6006 7232
1220 4304
1103 6286
763 4066
98 8500
7984 8533
7596 8559
3483 6611
103 4611
1789 5373
7730 8592
5310 5550
907 4201
1967 5238
9798 9994
4679 8913
3543 9810
8707 9766
330 7264
313 8831
2391 8036
7762 9480
5599 5910
4737 7397
3217 5998
2040 6381
5766 7002
146 2069
9300 9912
8304 9342
2336 6174
4337 9509
9127 9541
6542 9276
8296 8446
2444 4331
1826 8768
9056 9135
1426 4101
8883 9183
3606 8786
1035 5244
8972 9999
6934 9959
3763 8963
1066 3770
3280 4654
1390 8417
2929 5453
6243 7910
5910 7758
4602 7351
1854 5074
8159 9134
5537 5974
3751 8951
8688 9177
3199 5201
5102 9084
9547 9781
501 6587
1581 2497
5799 7648
9413 9642
3483 5879
5033 5501
361 1758
3116 4172
9059 9243
9077 9657
3607 4763
5848 8297
2382 3605
4524 9291
7552 7770
114 7519
9583 9708
3802 5134
6354 6442
6769 8558
1429 8969
7236 9870
7454 7901
3551 4737
743 1862
5001 7941
8421 9886
3392 8744
2639 5817
6054 7926
3512 8314
4400 5742
9355 9781
287 2112
5143 9291
1811 5581
3785 4788
9448 9829
2054 4027
7507 9749
1678 4032
1868 8745
403 7687
5116 9399
1456 1761
6327 8589
1871 5920
4806 8648
2910 7141
5193 6215
2080 6119
1718 3734
1856 5777
638 2589
3944 5533
1777 6878
7353 9955
1859 3153
4503 6138
4398 5993
8408 9296
809 7790
3673 9595
9476 9609
8499 8902
6242 8098
9133 9570
2356 5778
5713 6915
2863 9402
8865 9170
270 3776
3777 7769
6888 8393
5875 7865
8184 9188
9116 9716
7940 9322
8372 9742
5483 9981
1780 5861
9539 9728
1271 9781
7230 7922
8547 9034
8582 9258
1204 5075
6403 8119
5500 5687
4698 7477
8362 8593
1120 2372
1390 4621
7856 8290
9911 9985
6139 7757
2489 2733
139 9045
5581 5872
9675 9918
7084 7302
6414 6474
4618 8101
4378 6407
3465 7482
6800 7973
711 867
135 1231
6627 7534
5474 7678
2289 4846
7989 9093
1339 7994
9218 9676
4843 8710
4914 8533
344 1768
4257 5759
3353 8381
7711 8938
2737 8067
6338 7104
342 7231
1090 9536
15 5389
6226 9097
5674 7102
8804 9203
4405 7294
8833 9050
6035 6093
287 9396
9328 9781
9545 9845
537 691
6359 9654
6886 9941
6615 7230
7364 8400
7518 7847
3446 7992
8513 9694
1274 9762
1878 5725
4099 7757
9813 9975
8588 9135
7534 8980
5911 8808
7180 9781
8056 8819
6573 8551
9190 9728
7252 9177
8981 9195
5915 5963
2161 6411
769 2890
2478 6003
8362 9896
4373 5609
1646 9157
8618 9292
7276 7985
3057 4426
2657 7767
2262 8038
7419 9062
9583 9720
3671 5665
2467 8410
4757 8164
6143 7726
2919 6642
147 4694
5884 8372
3524 4668
5634 6350
1685 7167
4977 7226
4587 6214
2218 2315
492 825
5946 8274
4978 7821
5138 8004
9385 9392
3219 8767
5022 9268
2580 6240
6434 8508
9144 9902
6111 8349
1414 2186
1089 9408
1616 7941
1708 2837
7363 8520
1829 6322
1391 4442
726 8056
3910 9480
6467 9932
2332 6810
710 2934
1092 2033
945 4986
5899 9102
6909 8898
5447 8214
2618 4511
9315 9997
334 351
307 1196
6242 9851
3260 6398
8312 8486
8086 8193
2087 6563
4361 9545
8635 9275
2603 5539
9446 9668
7553 9719
8730 9391
5524 8235
4129 5557
118 9982
4242 7411
1946 7963
1632 9359
3902 6882
4344 8740
2355 7266
9210 9234
2796 6239
3250 7770
9725 9926
3116 7826
9708 9750
1571 3581
6011 8856
3926 7111
9838 9923
6598 9200
7621 9800
2892 4992
1246 9532
345 8636
8926 8955
3944 8188
2 4338
7689 9677
6213 8111
1783 4856
7368 9755
999 9866
5117 6295
970 7619
6057 9632
3157 6954
4074 5423
6248 8737
4823 5363
1800 9247
7055 9663
6160 9397
4520 8137
1230 1842
7163 9462
739 5350
1934 4233
6525 6536
7613 8342
1209 9143
1566 5839
7683 8483
7241 9696
4487 4897
8010 8241
7007 7302
9294 9819
6146 8801
3742 6600
7828 8504
8584 8982
2150 2711
8016 8411
5289 9547
5452 8880
8499 9123
3418 7336
3704 6903
1878 2392
2617 3753
2264 4051
8819 9335
7328 8934
7152 7932
7328 8634
4296 7409
2294 8726
2239 6083
4147 9611
6426 7021
5353 6494
1960 7066
8528 9170
341 5675
4524 8512
6138 7093
9183 9765
9305 9812
2461 4530
2597 4043
5728 9844
7350 8560
2230 8349
8355 9059
7072 9849
1773 6431
5385 7062
2444 7292
2765 2912
1270 6329
9017 9749
9026 9412
8601 9783
5329 5957
9070 9889
5707 5916
4393 4840
6498 9166
5933 7798
4906 7337
8206 8379
4551 6504
839 4171
5421 7477
4320 9710
1306 9834
6954 8556
3146 8032
3158 4235
5453 8122
9613 9829
4147 8932
7472 9521
3216 6591
4681 4811
5149 6305
427 3634
2825 7474
1285 8251
7527 7726
1077 8255
2044 2123
1396 3008
6809 9817
9644 9744
2143 7183
1328 2284
9985 9989
4168 4550
2666 9330
6726 8772
205 5324
1786 4890
936 3475
6624 8082
1942 7708
8860 9875
8957 9152
4843 7561
506 5748
9844 9961
2433 5266
9112 9345
6199 6613
7227 9614
8267 8901
9568 9675
7048 7949
4801 5255
3087 9102
5722 7709
531 9554
6678 8450
466 2962
9571 9948
3415 8452
2319 4504
1223 6414
854 3593
6721 7859
7082 9437
3054 4768
8906 9854
1744 6346
9960 9978
1967 4644
8709 8858
7483 8215
450 4175
2989 5526
6447 7930
622 3717
9596 9905
9106 9451
5374 9174
7240 7368
6780 8346
8796 9327
1529 7016
2099 8552
4067 4549
5117 8320
5603 9637
4243 4672
1778 2063
2581 7115
6987 8426
9260 9453
5304 8135
326 4286
6264 8195
3764 5382
6358 9794
9717 9984
9238 9355
6320 8892
8548 9417
6742 8665
3538 6056
4812 7973
7885 9151
7760 7804
1401 5617
9230 9989
8102 9491
2787 4503
9088 9154
9944 9978
9301 9712
2010 6363
8126 9494
1600 4681
1536 3005
2664 7271
2387 8967
300 6428
5359 7174
9448 9729
3770 8594
4541 4789
1987 2292
193 4609
4866 7536
7030 9469
5356 7377
4520 7161
1294 2689
4668 8025
4538 6462
7837 9365
1898 3304
2931 3730
3553 6602
2054 9293
5311 8237
1065 8568
6221 7549
6453 9251
8921 8939
5895 9192
434 5853
3445 7445
1558 8955
8551 9881
597 2312
2357 9120
2926 9499
5034 5841
898 8340
5301 6890
5158 8144
9543 9971
8465 8526
5824 6461
6169 9510
5004 9600
9844 9895
3011 7067
784 1001
1061 4384
9388 9723
2210 7105
2059 4501
4039 9359
2294 6335
139 5355
9270 9404
7424 8545
6097 6598
8951 9513
8652 9466
8087 9129
6502 8775
8994 9131
7818 8346
7573 7864
4491 9926
8404 9104
2233 3406
250 3870
8180 9766
749 9282
8052 8957
6515 8702
3076 3167
2480 9649
3409 6624
5630 6510
2123 3934
7781 9176
5748 8359
3535 5786
8967 9480
7252 8489
9063 9464
666 8187
2124 7823
3762 4876
8470 8554
238 8096
714 3017
244 488
479 9252
2347 8887
7352 9530
9937 9950
4871 5983
4174 7588
8791 9001
8253 9025
8717 9513
5858 8079
6367 6760
8677 9118
6537 7687
4422 6560
5686 6176
5687 6981
6395 9326
9481 9823
892 8350
8935 9217
4908 5389
100 4821
1266 5043
9719 9907
4836 6056
4501 9913
3355 9837
3078 5562
2812 4923
6314 7144
930 6893
325 9346
9778 9927
4052 4798
4905 8738
4796 7991
3711 5944
5364 6178
6642 7121
8953 9652
1849 7764
9019 9704
2051 6176
4479 5730
351 1055
9791 9804
8400 8596
1061 5811
8219 9645
6034 8682
5292 8624
9625 9803
9047 9838
5876 9951
5031 9785
5112 9454
7286 9733
3436 8788
9393 9679
8353 9721
2893 4047
3416 9010
9516 9810
5117 9219
9664 9679
8612 9867
7287 7564
1240 5630
1976 4629
402 6295
643 1384
3157 5775
4854 9651
6589 8441
2733 7610
9018 9818
886 4001
887 5744
6264 8414
8085 8417
8920 9733
5364 9259
1978 3584
2503 5996
4823 8711
527 8588
1372 2067
7719 8336
1562 4634
418 6309
5422 7287
6920 9557
5835 8152
6504 9724
9414 9458
8646 9892
6650 6994
5908 6228
6019 8179
3407 6433
8746 9869
3364 7577
6614 6840
8431 8482
8867 9981
2225 4169
4965 7226
9865 9950
1996 8277
1022 2506
300 510
818 4894
7056 7971
2321 6485
7760 9073
5626 6985
3259 3866
2101 4033
7586 9462
9296 9817
9068 9763
6565 7460
5612 6878
7366 8036
656 7873
9710 9994
9183 9732
2345 7044
7043 8414
2182 4666
7179 9551
1738 6439
1845 8847
2713 4929
6555 7936
2947 4515
9445 9510
4510 5918
1871 3410
5205 6761
9162 9243
1909 8858
2532 4961
7238 7453
8258 8822
6540 7631
2876 6701
3353 6503
4002 4400
5622 8596
516 5426
2944 3363
7196 7347
2838 3830
9622 9801
8000 9068
5025 7431
9613 9795
8782 9899
6859 9302
5952 8664
2673 4022
780 1777
1326 7329
9068 9448
4617 8720
6323 8503
323 6453
1256 2042
4247 8524
3922 8189
9160 9857
3551 5966
4161 5736
2268 3497
6094 7360
9845 9896
332 7525
8253 9739
8649 9349
2386 4334
6839 8955
8450 9477
4325 9011
4271 4698
7019 8803
2362 7203
548 7753
9096 9513
6745 8021
523 6051
9363 9717
4407 6101
5419 9236
1671 6427
9143 9230
5433 6414
3873 4907
4890 9120
2635 2920
4519 9628
822 2736
7562 8497
5808 6353
8075 9193
8224 8651
4956 9464
1535 7376
2608 9566
7602 9618
8625 9037
1958 5780
1412 3199
1893 2835
5654 9661
3019 7500
5886 8182
8713 9029
8068 9509
7832 8230
438 5431
2645 6995
7647 8730
3484 8565
7368 8367
9917 9943
227 9297
4756 8389
7153 9145
4446 8421
1652 2814
3973 6211
66 5124
7214 8649
3962 5930
2477 8719
2683 5580
7423 8626
5169 6966
6013 8447
2914 7464
24 8543
2540 4352
8592 9844
5094 8768
762 7367
3134 6375
4381 9820
7966 9338
3178 8485
5836 7115
6181 9335
6920 9279
601 6450
3523 6855
4526 6899
9128 9880
1472 7268
2749 9405
4622 8957
4310 6015
4128 6621
3493 7151
6018 8062
627 2641
7964 9757
7935 8420
8261 9629
463 6620
9833 9960
5044 5356
1368 7541
7355 9911
9742 9825
7446 8991
6748 8211
9418 9659
3600 5702
7194 7609
1576 2294
8131 9131
4832 8341
7218 9637
1439 1948
380 2714
8223 9793
4987 6488
4997 6237
7025 8684
7975 9594
9314 9485
5474 9750
6745 7174
326 8472
8515 9990
2316 8033
9092 9160
6934 9400
7317 7755
7586 9308
4518 5439
1639 5576
7147 8206
5655 9787
2376 6286
6066 6278
4941 6703
4589 4929
8582 8614
3083 3778
8302 9546
6815 8992
5717 7460
4489 9242
4314 4702
2336 5011
5095 6858
5768 7576
7022 8921
799 9059
5325 8364
3481 6497
7998 9506
1885 4045
5306 7761
5703 7480
4591 8847
131 740
7881 9637
6326 8201
3766 7833
4180 7058
6030 9199
4167 4489
9104 9417
1217 5312
6723 9874
6810 9702
4357 9468
5511 7347
9015 9277
5966 6747
7667 7989
8428 8933
9023 9805
3260 6931
9604 9900
6143 9148
6669 7451
5362 9749
3318 6958
8660 9515
4864 5090
831 6307
4138 9923
1952 7672
5095 9102
6428 7626
1572 6313
9044 9528
1324 4357
131 5161
1360 5649
8092 8161
29 31
8767 9024
7893 9384
2624 9228
6522 7448
4208 7356
6087 8282
6035 8337
4889 5193
3883 5651
5176 6193
3759 3854
247 5038
460 1392
4065 8816
7436 9591
3266 4186
7872 9313
2531 9293
6515 9990
8812 9614
2135 5651
4915 5004
5223 7178
9561 9708
9729 9934
3926 8305
4993 6740
1737 6636
8087 9478
9591 9969
6252 7037
878 3251
7200 8052
3150 3513
7817 8495
988 2595
7849 8891
7447 8383
4181 8924
9260 9553
643 9587
7091 9227
1667 1927
6908 8984
9556 9892
6243 7927
7470 9148
3139 3903
3885 9179
5996 6012
1026 2066
6937 9613
2687 6985
9041 9561
2047 4483
1933 2593
1630 8497
2215 4159
1016 6082
2246 7134
9132 9459
2810 6808
2606 9668
8741 9702
9142 9731
5916 8190
6560 7756
1700 3343
7874 9561
5754 8840
6469 9335
8790 9086
6050 7806
3465 9297
4577 8884
8428 9494
7952 9805
9570 9922
8613 8696
3672 4604
3425 5713
4333 5553
1412 8154
5271 7647
5539 8258
1512 6532
7085 7649
4885 8774
1466 9407
8336 8808
1454 5522
9218 9855
7736 9838
5908 7087
4087 6854
9390 9548
5479 9723
687 6078
3512 4184
5604 8709
403 7213
6880 9434
6221 6942
5058 5420
9442 9913
7947 9392
2047 9390
4467 5623
7870 8399
6998 8594
2827 5155
445 9112
2621 2784
3147 9890
1827 3225
2721 9569
5226 7822
5516 8675
3302 6958
4586 6114
7388 8797
9285 9927
3467 4454
6194 9230
7119 9608
7937 9986
4495 7781
3168 8715
2719 6292
895 9436
6619 9056
410 2050
9473 9985
1592 3086
3914 8110
654 2869
6998 7064
4708 7044
9334 9511
7427 8768
5694 9608
1448 8238
5097 9993
4728 7640
8047 8365
6551 9909
3959 5625
7513 7925
3919 8347
5381 8569
7255 9300
857 6484
9494 9707
6812 9275
8556 9473
111 8221
5697 7157
635 8204
5270 7839
4982 9432
1663 3626
5705 8065
4334 8449
2851 7388
6150 6534
953 7775
3843 7822
4385 9605
1270 1819
2129 8733
1802 9503
6978 9629
1584 2641
8470 9261
1601 3976
7910 8030
2587 9019
3924 6989
4134 8338
6492 8732
1037 3917
6766 7207
1486 5458
9759 9820
1035 7892
4521 8684
8848 9839
4846 5901
5620 8463
6995 9817
1952 4956
5194 5518
8650 9767
5778 8526
9351 9618
419 4644
4990 6652
4872 7009
9623 9763
7024 7072
5646 6546
8416 8803
6918 7239
2959 3874
2514 6707
2604 5954
4087 7610
5848 5950
6538 8020
6860 7129
9358 9991
666 1710
1572 6786
9138 9316
2024 6748
6774 7556
5922 7936
5245 5296
4595 8932
3341 8151
5541 6457
4887 9778
9190 9596
4831 6259
3867 9099
5166 5777
3869 7336
3028 5104
8824 9814
9505 9634
7420 8607
511 3942
3808 5202
2843 9801
5557 7427
3273 3513
7378 8524
1945 9958
6156 9777
280 5673
7503 7838
6734 9531
4054 4379
1805 4731
2893 7880
9143 9454
6406 7906
9870 9989
2197 5500
3655 4437
7340 9938
8648 8702
9834 9942
1226 3637
743 9649
8495 9892
4173 8202
966 4567
2395 3324
9875 9995
7838 9051
2880 7680
8072 9709
8307 8801
2053 6366
3879 8914
2096 7318
3925 6539
7916 8168
3595 3809
5825 8129
9854 9906
5636 7053
6386 8606
9694 9804
5087 5627
9297 9537
7494 9031
4349 5497
570 3060
4943 7751
8141 9291
4735 8594
6138 6555
4896 8500
2276 6919
6670 6774
2751 3831
9405 9517
7971 9396
7775 8029
3776 6514
8270 9531
3661 6658
2066 2931
1398 2067
8772 9804
666 2346
4597 9800
264 1135
4154 8321
6884 7382
9651 9884
7317 8518
6249 6431
9730 9760
8996 9155
1812 9974
2148 4936
5077 8749
4999 8152
1060 2867
2123 6783
372 6532
3686 6333
3754 6649
9849 9968
2599 6042
6134 9848
2902 7866
8757 9874
996 5808
2624 5308
6897 9020
4555 9135
1468 9398
7216 9068
80 8043
7030 7770
9888 9941
2397 8623
1614 6874
4950 6805
7074 8207
6852 7498
5474 7170
9499 9767
9977 9998
7815 8479
2735 3821
7132 7424
8459 9787
8282 8684
1302 2250
4989 8866
719 5148
2995 9359
78 5002
5221 8433
156 2920
8971 9861
4591 8741
3375 5192
2013 8668
806 4515
2458 3165
5232 8851
2623 4943
6776 9400
1714 5220
6113 6160
8480 9847
4499 9132
6224 8716
7041 8242
6538 6786
3239 4140
9728 9980
1491 6514
3114 7734
5411 8577
7649 9037
9395 9930
9848 9853
8884 9262
162 2804
9540 9673
7740 8538
9289 9548
1524 9218
5353 5857
8027 8082
6967 7907
8128 8153
9960 9969
4924 7845
5429 7898
5267 6966
5668 9170
7595 8581
4763 9768
5012 6806
5850 8434
1795 6738
2523 9378
8047 9151
9761 9943
3875 5462
7671 8691
4972 7048
3041 3146
3627 8870
2816 6176
3639 6612
7857 8383
2920 5568
5203 9338
7063 8656
7599 9632
1763 9509
6470 9769
1889 6557
2193 6851
5556 9891
1009 3522
5802 8636
8803 9406
8148 9568
7193 9947
8012 9015
5696 9697
6705 8129
4447 8411
1386 6593
9173 9641
3423 5074
2398 4588
9092 9759
8747 8946
5283 8335
1812 8286
3235 6554
9981 9984
4661 5789
3937 5762
9164 9169
702 9076
1380 5027
3387 7796
9985 9993
2125 5016
88 8294
9479 9864
4846 8198
2717 5440
2865 9328
7726 9889
278 4335
3640 9384
2901 8659
7347 8163
3695 7769
2263 9577
3224 7153
7980 8697
3226 7627
6324 8396
6368 8800
4135 9773
881 7972
9094 9956
5488 5945
8361 9457
7 2078
6378 9707
3381 7583
7530 9286
8749 9324
8195 8229
6749 9340
2790 8813
2286 5431
5160 5595
5861 7291
7764 8411
9152 9294
8339 9449
320 4300
6963 8326
7995 9937
181 533
2240 7817
7183 9892
1656 4665
7265 7429
2034 7966
2906 9844
5160 8160
395 3555
4691 9107
7330 8820
7183 8843
8226 9934
1307 4325
7739 7858
325 7609
2964 9899
8477 9487
4131 5210
8515 9657
9104 9867
5032 8680
1597 6327
7862 8528
735 1676
4668 5123
35 7611
7019 8550
2250 7070
3764 6875
3375 8260
6071 8938
9268 9412
6327 6718
645 2450
2275 6579
1630 8978
9136 9359
1709 3225
2997 6599
4227 6301
3515 3974
750 5777
5283 6672
9891 9891
5158 8208
3051 8398
3653 8641
3887 4480
8 8554
8814 8991
5026 7101
9812 9851
3458 7275
6920 9758
2297 6391
5652 9060
3518 3931
2168 8126
4045 9188
912 2142
1235 1302
2193 6747
5681 6416
7598 7901
5766 6319
3231 5970
9937 9992
742 4052
4818 8499
4250 5835
8095 8562
4097 9927
2437 8335
105 4307
1408 5244
4696 7359
3444 5678
8624 8865
995 5206
8815 8971
2290 7457
7011 9613
4844 5021
3552 9820
8282 9745
3767 4846
3830 4435
5238 9371
102 1132
8760 9627
1408 7988
7358 7729
5296 6268
7234 8749
8265 8565
1562 6776
791 4454
6397 7478
8416 9615
1840 6025
2083 9904
3665 6127
4132 7609
6953 9747
9308 9905
8030 9314
2847 2894
7618 7704
8525 9173
3876 4437
7800 9903
4046 5445
7266 9251
3876 5753
9418 9680
556 9624
7643 8227
5755 9076
71 7987
6699 8644
6801 7040
2612 6757
4487 9744
5961 9812
5510 6451
4796 8149
9915 9941
1797 3408
6510 9173
7872 8847
3025 8772
1454 5200
2171 8218
8157 9185
2858 8064
3595 8584
3798 8136
9644 9806
6019 7893
8194 8304
1217 9009
2189 3335
756 5987
4754 5173
7558 8450
7337 8321
1162 8063
6281 9281
2878 6285
9236 9675
4569 8235
8062 8686
9691 9821
7191 8566
6001 6536
1068 3064
188 1469
9370 9524
8145 9327
5103 7159
3721 8236
10 7657
7787 9656
3841 7171
2383 3476
316 7148
5988 9943
5157 8990
543 5688
3802 4804
9841 9857
6351 8753
4006 4180
5653 5832
8325 8346
2386 4842
8431 9983
5532 9128
7938 8331
1891 3397
6113 8935
2127 9153
5984 6880
8565 9457
9088 9615
4707 5510
3134 6807
1200 3923
9571 9966
631 3348
3751 8535
2665 8072
6379 9755
668 674
4127 8758
8370 8836
1411 9664
8732 9437
1148 3044
6111 8628
519 5164
7634 7708
9534 9778
250 7501
7070 9274
8671 8823
3680 4260
3298 4556
9699 9899
8986 9308
5604 6553
1927 9362
585 9691
2686 4787
1201 6263
7292 8969
2998 9713
4656 6634
8374 8688
1118 9590
8080 9319
3 8874
5551 9716
4801 5154
4168 9919
2337 2990
3845 8031
4011 5223
9026 9056
6149 7086
9690 9909
6461 9710
9784 9925
6452 8544
8517 8555
9203 9340
9497 9964
7598 9988
198 9747
6372 8525
9380 9877
333 4839
4119 5276
3851 5674
9145 9828
9899 9944
4227 8128
931 2196
6820 8416
8275 9449
6879 8973
2233 6312
7687 9922
8347 8733
6637 9946
9331 9535
5707 9292
9063 9110
5806 5901
3044 7822
4236 4657
6132 7788
2351 6941
1854 6593
7096 9610
9521 9750
1762 8500
4650 5538
2074 3620
3264 3666
8173 9485
1365 4889
8275 9093
784 4586
4734 9719
678 8095
8060 9497
6133 6288
5133 8185
6707 8505
3399 7523
5429 5869
7770 9257
4044 7588
4685 8030
6224 8378
335 3470
9191 9548
9497 9817
6189 7654
8103 8858
9892 9931
568 6181
7105 8409
4403 4493
3981 8948
710 2213
764 9808
5953 6840
6908 7506
1693 7395
6162 9389
6418 8849
8705 9675
8178 9049
3085 7015
2556 8193
7247 8853
6691 7540
6062 6403
1984 9224
5052 8459
2387 8503
5621 6994
5952 7129
2127 5695
1673 8418
9523 9723
6080 7374
8066 8827
8125 9238
6283 8839
280 5135
1834 2704
2958 8948
7473 8737
1037 6599
5565 8409
8193 9189
3182 8862
7040 8457
7341 9260
9880 9943
7294 8363
7214 8736
6915 8600
3044 7663
1123 6775
4200 4469
3754 7413
6238 8080
9962 9970
1948 7326
8434 8547
7398 8255
3959 8673
5552 6191
4908 9960
7369 9041
3786 4879
1152 6887
510 3390
9646 9657
1692 7462
8278 9766
8486 9752
3537 4557
7448 9003
3993 5618
5450 5620
6649 9808
2939 6912
1177 4942
6649 8138
3810 7261
5540 8236
9292 9504
167 3625
6374 6807
3802 9433
2026 6745
3213 5167
3540 5800
1477 9040
8076 8393
7750 9264
3370 3712
7098 7580
5473 6823
4651 7942
5735 7537
5505 7034
403 5921
7273 9706
5695 7990
6468 7036
2347 9179
706 9490
3597 5790
2816 9279
5217 7085
6828 9158
2207 8130
3620 8636
6385 7320
4101 9269
4640 5013
2897 3613
9093 9794
2993 5279
3209 5307
496 8949
7913 9092
9760 9801
3928 8441
6423 9118
3517 9467
9052 9452
6035 6356
239 1060
5495 5992
44 2179
5798 7514
8574 8813
1767 4160
3371 7601
5779 9967
9603 9677
5654 6274
984 9300
6984 9174
4506 4712
7908 9769
3257 9338
8695 9018
9096 9820
8239 8565
1651 3021
8498 9078
6968 8385
7663 8471
6344 8028
8002 8963
117 149
5492 9411
2342 5006
4965 7032
6262 6506
1765 2195
9278 9974
4415 7369
3779 3950
4188 7240
4097 8388
2433 3448
4179 6522
8460 8658
9532 10000
9969 10000
5360 8359
985 8474
3875 8308
9710 9898
3525 3723
7667 9219
6848 7851
6171 8019
8919 9687
6960 9176
5311 8499
6780 8060
9282 9425
9763 9861
8406 9980
1384 8520
3988 6467
9384 9537
751 1018
9795 9906
1087 3384
6029 6986
9994 9997
2301 2564
9581 9675
2112 8559
7141 9745
5648 9523
9463 9930
9533 9730
2513 8277
3883 6404
4390 7377
4252 7838
5042 6216
1583 2707
7426 8701
8544 9843
9424 9781
8909 9710
804 8213
6119 8007
1231 4261
8924 9767
4828 8154
1505 3217
1362 1578
128 8579
611 7897
7343 9024
8907 9912
9536 9788
4163 4621
6628 9606
3178 6595
1128 6130
5727 5922
4713 9687
9241 9617
9821 9962
3912 8371
5079 8568
956 3327
5431 6337
8972 9932
3509 7075
5133 8694
8057 9230
1806 9174
983 6277
9853 9994
5317 7991
3882 8981
280 6891
5348 6141
8868 9457
7588 9447
4739 9167
2621 8860
5526 6399
2200 5554
6385 8829
4111 7089
6177 6345
5214 8945
5460 9250
2208 8246
6098 9577
835 5299
5949 8759
862 8291
9613 9632
7963 8225
9001 9155
1169 2344
1482 7558
2235 6891
2050 6717
9458 9465
1214 2998
9995 9997
6784 9604
5383 8330
1147 6963
7659 8366
4061 5224
1676 8982
2285 2813
3073 7969
3676 8861
6296 7102
5369 7345
4239 6619
1010 2362
810 972
6528 7000
725 6845
5387 7120
9438 9664
6333 8314
7153 9539
848 7123
7510 8826
6338 6469
6310 6825
6804 8074
4663 6926
2973 7935
7468 8741
3715 7504
6319 9774
2136 9239
552 8938
7571 9175
296 3644
3194 9884
647 4919
1417 7828
9673 9941
532 1091
6255 7673
2044 3902
2910 8035
3810 5067
902 3253
7785 8487
4500 8602
9421 9612
271 7563
2926 3001
7394 9484
3680 6567
6483 9810
8630 9699
5641 8405
3751 8138
1556 7790
6580 8303
1719 8183
3485 4356
5367 9065
8606 9085
9738 9761
5177 7092
2612 4259
5805 9308
4522 8066
3581 7064
893 3353
1700 4887
6175 8546
6788 8569
5962 7976
8280 9281
548 6453
4417 8892
2443 9894
4106 7416
2155 4367
4244 7081
6880 9419
6224 7376
4949 8023
3623 4067
6362 9826
2256 4749
6331 7247
6911 7032
1890 8124
9990 9992
7113 8113
6751 8045
8243 9689
4974 8497
973 8721
467 7308
8446 9744
2100 9768
6436 8285
9402 9541
1781 5946
9033 9516
6168 9156
6106 6751
961 1379
5483 6550
7339 9658
4457 5731
9347 9865
7 5513
338 6904
7268 8537
8499 9500
6634 9907
9343 9411
2104 6554
7020 7702
520 2136
6793 7661
4724 5315
8298 8426
650 7577
3456 4047
121 8484
8914 9970
1937 6389
7434 9647
9486 9888
1043 7616
5755 6651
1637 6794
3891 9952
7773 9186
3495 3634
2441 2677
3072 9456
9765 9808
5055 5339
4935 6114
2758 6149
2039 3469
8103 8639
5977 9260
8458 9988
9523 9888
1338 4052
1257 8711
7476 8433
2796 5602
7301 9009
87 4234
1534 7349
5943 9590
9835 9936
3836 4115
6655 9034
6438 7338
658 8258
2439 5477
8644 9857
2764 9758
3731 8835
8507 9806
98 2406
5856 7230
2642 3431
5700 9577
5810 7933
2163 7551
7545 9837
1696 4511
8472 9583
6520 8470
3968 9592
1431 6291
8172 8888
8848 9854
8718 8957
5896 9149
9853 9956
7062 9938
6377 7102
2700 7637
6326 8462
9716 9872
554 5000
335 9153
23 1610
8899 9080
6303 6352
7293 9510
9536 9784
4697 6958
7451 9523
9665 9755
5628 9029
3388 5874
2892 9755
9659 9907
5242 8998
6539 7981
3638 7859
2434 7651
1615 3872
9563 9887
1672 8042
672 6849
775 1939
3711 3867
5221 7210
3121 7065
9317 9410
6849 8112
6928 8515
2324 4959
8812 9434
9027 9867
7997 9831
9565 9654
3092 6401
670 7693
9941 9950
6788 9756
5113 9707
4239 9098
177 9931
398 6326
1828 6444
5189 8223
5117 8045
4730 8164
2124 6898
7888 9685
3241 9027
9059 9273
9599 9781
8229 8600
7178 8076
1603 3869
4986 6181
1263 7360
8513 9782
9158 9867
8643 9354
487 5771
4893 8870
6909 9355
366 9946
2561 5598
6256 9293
579 9265
8005 9556
1738 2345
9974 9991
3115 9182
7020 9946
3891 8929
1532 5614
7139 9883
4714 8848
6278 7855
5399 8603
3291 8397
1954 8665
5491 8659
9698 9967
5370 6940
9023 9852
5326 6384
1192 3918
910 4998
6043 9537
4453 9866
1058 9224
9381 9821
4608 9061
8659 8735
9423 9551
9073 9412
1043 4717
5146 6727
4900 5662
1444 5296
415 8009
807 2932
8739 9640
3503 7886
7811 9510
4720 8733
6665 9376
6360 9463
8869 8909
7168 7813
7520 8400
9333 9791
7941 9533
4848 9378
4331 8978
8372 9276
359 9045
7478 9836
4057 4397
6923 8269
1792 9548
5353 8212
5956 6202
3164 7252
2283 9570
8794 9196
422 3760
4011 6931
4924 8392
7522 7644
2596 3651
9985 9989
9438 9545
1340 7574
4943 7796
5537 6523
7050 8503
5651 9257
9653 9829
4691 8240
411 3483
535 4641
4307 7064
993 5323
6181 6207
7824 9051
2933 8814
8562 8893
3755 6729
448 1004
3764 8831
5404 7548
7320 7859
2260 2525
2090 5633
592 3921
1579 5591
1145 8028
3626 8220
4447 6149
357 8880
1179 9890
2550 5628
6592 9533
4668 9870
1311 4582
4828 5832
5216 8397
2933 3329
4455 6187
8916 9177
4539 5730
8482 9723
861 2942
4341 4570
1212 9958
4613 6463
225 6878
8422 9050
1331 4155
6863 9497
3209 3828
8752 9736
6835 9236
3130 8896
3342 6612
1475 1489
364 8950
7415 7960
4244 6935
3903 9065
3220 5399
7307 8925
2143 3245
7875 8217
4837 5557
5033 6795
2100 5222
9317 9634
6619 7562
9173 9444
63 8289
581 1165
9244 9276
8634 9591
7215 9943
6280 8106
9476 9792
8881 9518
3574 8869
2015 8846
6468 9501
4857 7156
2680 9444
8907 9890
1741 5987
4659 9170
113 9752
7715 9419
7588 8625
4332 7561
3205 6681
1809 1942
4054 9521
3761 3864
6936 8192
2120 8633
9026 9154
8637 8995
7582 9059
7144 9865
5617 6315
1166 1581
6785 8901
9331 9743
7819 9145
2703 8800
2280 9931
820 5898
7773 7978
7045 7725
7726 8619
1897 7467
1461 9723
9424 9622
2772 3084
4883 5924
3880 3973
9149 9542
4680 6729
1963 5194
8222 9586
4197 6766
4307 7647
5452 7278
7113 8652
5920 5967
1416 3135
427 6929
8787 9431
6538 9474
5894 9131
8594 9674
312 3242
8039 8083
843 8266
1054 7590
4572 5240
1570 6914
8935 9588
5055 9460
5415 7587
7796 8795
1019 5375
6353 7403
7301 8399
9159 9389
4970 5074
2955 9872
9592 9710
3888 5975
1233 8526
2899 9182
8455 8806
1407 3729
3256 5281
9910 9910
6673 8521
8292 9352
8301 8569
5449 8099
7613 8124
1844 8337
5295 6780
3309 3958
4053 5560
8603 9537
6994 7681
7043 8082
5651 7581
732 9725
6716 8204
2664 4725
2277 9344
7011 7884
1644 4028
2354 9994
2623 5879
5439 8588
4498 7272
9352 9525
8430 9290
6548 8050
7376 8798
2567 9875
474 3170
1269 2858
3046 5880
4061 7869
6678 7428
6647 9773
1056 3944
4944 9540
65 5265
6792 8283
7790 9093
789 8754
1559 6419
9692 9870
6189 9532
5417 7864
1274 3434
9165 9608
1227 7613
6527 7790
5598 8957
8997 9351
2571 2954
3730 9613
8999 9827
5251 6961
4824 7077
7938 9455
670 5176
5113 8739
3707 6834
600 7075
1503 3499
8225 9058
7666 9326
346 7627
9888 9948
8387 8769
875 9656
1768 2324
4935 8007
9125 9253
7496 9171
3231 3244
9359 9506
853 2794
4502 8463
5689 9134
8945 9766
4332 9251
470 6893
1700 7228
1003 1072
3082 7371
4366 6868
1518 6883
8829 9178
6965 9288
6753 8963
580 982
8152 8554
3637 5699
5124 8672
1785 9455
4590 6596
3064 8107
4461 7677
525 6845
1015 1654
6805 9162
8555 9357
756 3743
2102 7490
2610 4205
7521 9727
3608 3922
3384 3423
6189 9943
3869 7410
1803 3558
242 3727
9777 9851
4941 9722
8867 9264
3535 7432
4783 5131
9060 9423
9998 9998
9691 9958
2161 2693
1670 4620
3085 6186
3647 9273
1607 9405
8203 9380
3479 9640
8567 9389
2957 5210
6493 8462
2840 5448
6334 8707
8114 9170
6277 8520
1725 9310
6893 9293
6221 9070
7273 7773
2300 2844
1561 6966
5973 6482
5288 6137
549 8771
8751 9182
371 8146
3727 6461
2664 7747
6045 6726
6392 7823
5022 5488
75 2632
6988 8329
4479 4730
7941 8015
922 9368
4083 5108
3512 7031
9611 9981
9477 9908
241 1788
6230 8085
7608 9621
5023 8882
4221 6798
8939 9289
3384 9724
5384 9338
6647 8003
4856 8561
3652 7502
5117 7111
1024 3948
1525 7095
5548 9150
3771 4320
7185 8493
9111 9478
3759 9785
383 9316
2713 6196
9807 9885
2601 2764
393 1995
7517 8678
5872 7145
1465 2065
6362 6782
5865 6433
7471 9347
3195 6146
3711 6913
7494 9817
3725 3737
2777 7545
5152 8335
2756 9845
1094 6486
8393 9052
1435 9402
6982 7451
5754 6456
6344 8542
7936 8223
4520 5182
3523 5408
5394 6545
9358 9474
1363 2398
8439 9100
4934 8537
5578 7796
6704 7412
7157 8641
4789 9347
7614 9524
7223 9631
5961 6300
5162 7877
9202 9972
8532 9592
7785 9863
3467 5142
1653 7443
3124 6011
8905 9952
5990 6781
2124 6089
5384 7613
210 3659
9900 9983
3372 7694
6145 6777
9401 9473
8923 9609
1473 3609
9331 9675
2602 6915
1071 3676
5671 8687
3828 7045
3923 6166
6564 8183
1012 2945
7388 8252
6279 9237
5084 5666
3310 5003
3364 8993
8886 9113
7690 9624
62 152
2898 7885
5648 9195
9080 9135
1199 2479
3015 4991
5950 8798
7723 8861
5823 9274
5972 7415
7527 8476
9181 9934
7416 9639
1986 5764
214 7870
6713 7072
8938 9593
9128 9378
7221 9889
8697 9743
9056 9722
9590 9727
2518 5018
3390 9360
7491 9195
1019 6312
508 8539
3832 7715
8741 8839
119 5668
924 6838
1882 2973
8290 8677
7985 9702
7398 8926
4953 5247
2252 7014
5117 8221
5931 6195
4780 8304
1421 3732
2391 2550
2572 9341
6109 8265
5343 5499
9710 9985
6833 7143
7033 7817
8861 9957
7733 8734
9175 9570
6679 9597
7270 8011
3791 7187
9137 9785
9112 9655
9798 9936
8069 8558
7442 8401
7295 8882
1880 4627
2034 5205
8277 9654
2754 3646
1921 6775
262 9150
5214 7649
6315 6856
4534 5960
9573 9852
8594 8849
7008 9421
631 5423
7353 8380
8697 9106
7363 8409
929 2861
4561 7556
246 4989
9981 9984
896 9752
8709 9382
9808 9858
6526 9447
3333 5145
7832 8552
7804 8155
1455 9045
9799 9873
3947 8304
2368 6705
8435 8658
7167 9023
1840 5732
2157 9623
1279 2632
1550 9807
8385 9916
2932 3264
7481 7721
6381 9488
4640 5271
7022 7996
4500 6151
7041 7850
4527 4546
3171 4054
7554 7981
74 6918
3462 8392
4734 5828
2199 4318
1648 4515
9057 9831
640 6124
8000 8981
6763 6864
9988 9997
6481 7659
8273 8301
9853 9931
6185 6463
7973 8106
3526 8195
9738 9953
1146 2262
7565 8372
5742 8723
3774 9275
5473 8255
6780 9936
6377 9128
5639 8019
2750 3225
7967 8735
8325 9097
5724 9862
7526 8344
1481 8787
9614 9980
6520 7222
3599 6907
2478 6487
6447 9482
6012 7448
6349 9386
3260 9088
1826 4803
6191 6344
8971 9986
7021 9316
203 7264
4308 4727
4108 9835
7438 9924
217 4381
6624 7233
542 3529
8649 9605
8413 9188
4539 5106
7468 9742
2265 9264
3062 3490
5704 7838
5799 6074
5546 9205
9295 9606
9752 9921
7861 9567
406 7458
2906 5843
1207 8407
7121 9097
9553 9713
3013 8011
9689 9925
7370 8127
2070 5092
6169 9318
2510 6756
2492 7539
2446 3575
6638 6822
1675 8747
6270 9522
3060 5049
9794 9961
1631 6228
9290 9472
5650 5843
3297 9544
755 5631
6206 9568
5897 9579
8284 8647
6186 9295
5936 8105
3901 7232
8202 9267
2573 5420
8939 9507
7143 9622
1075 5288
4894 9043
7029 8352
6643 7408
7508 7709
4718 9898
4886 8999
7352 8407
6687 7473
6042 6048
955 1542
6689 6973
1720 3663
5624 6306
5342 7316
3003 9241
9908 9933
9942 9981
8075 8405
7888 9249
1330 8964
8639 8946
4718 9798
5704 9909
3788 6352
3112 7914
1305 5305
9079 9322
734 6636
4009 9099
2073 7479
4873 8067
9088 9783
8923 8987
3828 5166
9681 9936
5547 9803
3834 6269
3336 4667
9291 9776
3286 5751
1435 4916
9552 9603
477 8975
3160 4107
3053 3671
4669 7017
3873 7455
8669 9641
3611 6584
4117 4292
2885 3296
8895 9735
779 5231
2405 7752
7903 8556
453 2888
7699 8663
2863 4868
3974 7763
2197 7321
293 7839
4337 8993
4694 9738
8440 9248
6724 9694
9847 9951
8305 9444
1655 5652
7267 8376
1651 9984
1311 6040
5195 7806
1899 7397
373 1425
1861 9710
2571 5249
2021 7242
8674 9900
4975 5853
1654 4139
2576 9051
9772 9788
2383 6956
2065 2893
9401 9935
1230 8165
2867 9448
944 5709
5998 7424
9612 9615
1695 7576
6296 6346
5666 8951
5282 5986
4803 8292
2950 4840
3541 9535
5834 9503
2570 8568
3605 6259
2987 9188
9896 9963
2488 7403
8998 9104
8639 9855
5323 6686
5712 6440
5211 6732
5994 6135
7460 9783
2184 2515
9038 9510
8300 8726
764 8081
4171 4448
3744 4498
2284 8273
6178 7520
2260 7450
8345 8505
516 7510
7067 8390
5202 9790
1039 4431
1417 4526
677 5694
7517 8886
6373 6575
3391 8344
4113 4529
2929 8728
223 4665
1325 9667
660 8851
6035 9686
953 9149
1680 2427
9800 9803
4581 8388
2792 6174
386 3168
2634 8393
4267 8055
1397 9171
7498 8103
646 7567
9522 9811
7364 8770
9351 9387
9557 9907
6945 9438
7498 7714
4669 9085
8128 9581
1478 1950
6750 6909
3752 6240
3179 8991
3158 9655
904 6143
1629 6306
8577 9779
2110 6776
9081 9860
4812 5470
3097 9590
2775 8111
4417 4914
8292 9800
2671 8299
6764 7637
7484 8344
5042 7799
716 3035
8624 9868
4445 7655
9785 9942
7252 7911
5414 6934
1649 8190
5746 9089
4484 6392
8008 8104
2302 5954
8337 8557
2822 7969
679 6724
8987 9378
6653 8200
2684 5017
2623 7012
8653 8810
5163 6533
2716 8759
2061 5686
6410 9394
1064 2387
8797 9161
2752 7286
3041 5685
938 4265
9217 9266
5698 6386
4226 5660
5922 7039
4125 8112
4551 5014
5908 8104
9391 9641
3869 7852
9638 9660
407 3553
8148 9395
1712 9011
4683 8302
7221 8777
1106 6480
6661 7550
6877 8281
2649 7498
6691 9287
4682 6475
1556 2907
7333 7621
5000 8365
4304 9724
8555 9575
2350 3099
8535 9459
8345 9672
3024 3270
3751 3860
3422 7799
9875 9920
112 5580
9919 9987
8279 8495
7673 8521
2188 7245
6758 8503
3040 3503
9200 9341
1410 1602
8519 8692
692 3460
8163 8905
1821 2808
5655 9343
4241 8058
1655 4161
9858 9925
6037 9539
1212 5808
1781 2987
5285 5602
9641 9799
2122 5377
2516 5328
2907 8064
8801 9273
5775 6703
8914 9472
8697 9495
2189 8532
1734 6474
1257 6961
8847 9529
6298 7718
7585 8592
5923 9596
7805 9518
5384 6403
1831 6522
3604 5173
1243 9695
4461 9297
9845 9871
5116 6587
9902 9911
9282 9726
1856 6420
276 9922
5014 6959
6485 6999
4078 4615
5666 6515
5588 9331
6674 9417
5535 8448
1228 8506
5364 8306
8444 8935
4012 5030
5343 5417
654 8401
677 4984
4255 4874
5598 7054
3797 8219
6901 8178
7821 9054
5576 7326
8816 9292
7447 9786
3187 7284
3991 7111
3447 8985
2711 7234
5373 9140
9346 9652
8869 9883
9004 9702
6738 6927
629 8218
7398 9423
5321 9895
4487 5637
6751 7053
4020 9161
8963 9826
6215 6268
4423 9285
4228 9366
5237 6480
428 8844
6890 7297
5268 5611
5645 5995
2839 4651
2482 6741
5332 8217
5968 7436
6861 7280
992 2776
8843 9986
382 7115
1842 9412
5884 7514
6633 8894
3870 6791
3249 3528
8023 8402
689 8628
920 4323
9840 9959
74 4480
7573 9549
7167 9250
8492 9648
1290 4849
5411 7478
3754 4814
9040 9788
8851 9699
9524 9955
7194 9522
9698 9907
8855 8999
1604 2374
1019 4041
2703 3735
4913 5114
8679 9200
5052 8017
1144 4995
9924 9945
5055 5614
4283 7623
7860 9237
7003 9106
7210 7471
1180 7731
454 2975
8452 9371
8467 9882
8390 8849
2104 8483
2804 4000
2942 3140
4550 6929
4321 5617
6975 7740
7201 9882
7897 8638
5859 7756
712 1412
1396 7029
9782 9872
5011 6861
2891 5273
2878 2899
4022 4580
2984 4516
6624 8177
8244 9293
3643 3946
8242 8629
6097 9127
3429 6849
933 6902
9156 9388
4293 9508
2794 9713
1567 8041
9444 9653
8518 8969
7144 7333
845 1753
3099 9465
6258 7907
2494 6533
9576 9626
892 1334
1829 8044
6417 9417
2141 3207
6718 8799
772 1037
1698 5216
5833 8358
7730 9501
2547 9865
7336 8327
7294 7801
8777 9775
8045 8193
2167 6774
994 1211
6679 9704
7937 8842
5486 6653
8829 9757
2274 5360
8168 8868
9784 9798
6152 6446
3222 3553
8668 8691
9728 9928
663 9364
560 9166
1632 8184
6186 9174
4722 9734
7708 7866
469 5260
3177 6691
8719 8850
8120 9723
1101 8678
4148 6173
9610 9863
8167 9127
3592 6422
6721 8514
8576 9997
3692 8495
954 5478
7409 9493
1480 9097
2840 6140
9630 9780
3821 4218
290 4528
3593 9237
9168 9387
604 6014
776 3295
472 9529
9583 9671
512 8681
2736 8940
2670 8503
6714 9209
412 3298
2128 5112
7697 7782
6698 7797
2888 5106
4004 8940
1453 5686
2049 9983
2508 6252
3705 8032
4452 7699
9089 9639
6539 8782
5985 8745
778 7382
3801 9941
