num pairs: 5000, min val: 1, max val: 100000
70311 86504
18811 42662
22252 69873
38902 64165
9865 26006
39022 86723
16862 94273
4925 19002
49447 79179
56825 57410
8777 55817
53445 58402
3609 33436
34478 85739
11037 90486
29862 62924
32389 39135
37180 65850
38064 69717
80432 93032
17162 80704
38962 66538
33520 45187
68100 69951
27706 81333
67866 95352
49412 55420
64596 75349
86584 97357
57712 70399
28557 47325
5952 32000
12113 51992
48897 57300
1353 50912
24440 41197
9606 14518
21156 67228
27755 53701
11618 77322
3385 5508
9116 32027
51957 74105
13772 94377
33460 37212
25926 45786
2484 66243
76130 86445
26524 62836
50977 97897
4417 91643
7985 68758
52554 93349
11887 67441
36439 38468
57089 59947
13827 28529
22496 66448
57426 78898
60017 77255
32892 73499
30427 71059
22796 39176
14920 60114
65205 72497
47208 70065
35042 54502
30815 65900
49505 91770
47620 75890
71373 77977
45221 60643
57525 78729
40494 48862
55951 62684
24717 71890
46415 55696
27768 49303
53257 93615
80176 91923
29553 32869
59305 73805
79336 91638
44077 79001
19936 54129
21535 62985
48682 87848
7230 63461
51008 82182
5385 89832
37298 96508
52436 55215
24410 41627
52392 91520
8213 27205
13395 39158
9814 89089
12833 17716
17241 46603
4071 17896
28464 77539
3485 42131
17406 34513
34091 34839
5449 6722
14424 70803
12209 74414
7320 63501
64802 85249
41900 92641
47838 70204
7611 90710
26214 61638
28625 50396
12659 49549
31223 46207
39906 95645
33327 48264
12278 94806
35645 83508
24911 55796
29439 30090
34402 60111
44411 72006
45719 85080
2150 65230
6484 58032
19126 38534
80800 92489
14929 28567
9214 74016
24566 73998
28038 58875
31545 44575
10509 58856
82110 94935
63281 94320
28513 99235
22537 37630
49065 90064
13644 60423
17190 22806
33196 55656
13262 77082
13585 33617
6803 46693
14826 20569
9965 73332
76643 79477
278 2029
57975 71251
23499 85998
38669 67873
23627 74626
12851 28832
21713 57404
18953 49746
61852 81805
13676 63517
17559 39131
9957 14339
13793 73832
22992 67438
13955 94030
77161 88939
23734 56284
14609 19853
17437 99640
30876 75740
47006 79675
25728 63338
19322 34655
36193 45398
26772 63616
17684 92857
42944 89226
15605 54412
10791 72829
16974 35728
25295 88343
49521 88757
4005 6969
77 87967
16303 52886
38665 92232
34030 58199
69909 74727
2648 85731
3768 86684
23939 41411
29927 55629
24397 86466
25520 31022
7486 36674
8078 76587
50418 97083
67534 99481
14381 17309
986 22608
31747 79061
35223 69933
65905 76650
21070 80505
5060 87325
17867 39808
35404 78677
12572 13787
18926 99648
40569 77913
82853 96647
26036 79987
1111 52059
11943 59011
14823 16964
70372 76870
60915 65992
6940 62434
73840 86986
18844 92380
51998 68533
76110 92113
9352 90769
38668 80529
19057 93654
14988 15778
20001 43909
65688 68729
61181 89062
30583 50946
3035 13204
17956 50805
66585 75248
37904 72136
19354 45165
20239 29796
16144 71604
80870 94326
8571 62726
20281 42905
81434 99602
36941 45008
9387 87990
20525 99626
50562 71645
31651 59827
24084 50601
47703 51890
28285 51848
13443 66316
3471 25130
11911 77028
19171 82722
4276 66903
10578 19843
2637 17496
822 48172
6265 41593
82765 96159
8992 83367
31191 96283
32019 59471
17217 36127
6103 77007
16967 31455
19210 51911
70872 80188
79981 94696
2364 94114
80731 89115
5114 50751
33100 66271
89817 95073
28614 36922
57348 78914
5561 22072
54127 93052
55011 90295
7485 44928
15448 80415
52909 60791
37948 83377
4381 28985
7811 71570
59866 67100
1313 72613
45864 89285
36346 40045
74187 78982
36814 42598
69167 81444
41800 90654
50399 86039
79260 94581
44360 93512
466 46144
86106 95075
5902 87982
45578 68756
21224 29438
66776 74549
7501 36954
70064 91794
77328 82371
11344 86380
29617 79617
8757 70919
12172 59399
79993 88213
81440 96976
17162 22611
11367 92777
3328 68960
64910 76818
21641 95840
13303 31215
33311 40726
51263 72086
5976 61819
1422 42201
48445 60212
83688 88046
14989 50929
21523 70394
39915 76629
42873 61392
9030 66788
70330 87322
27173 77419
50235 67456
41705 64856
20467 80198
42439 63217
24236 86285
68258 97506
3573 40355
11329 90606
44423 66171
13974 24568
68606 73972
32987 92329
119 88198
51658 67036
47706 86062
19311 31808
22626 60533
4737 54485
57083 57230
6147 65614
47225 81609
56165 76593
20459 68087
25125 98826
10595 89209
6417 57729
11768 97497
9918 10472
45817 71102
29154 97365
25528 61930
5205 36472
59068 64997
87410 89234
2621 88761
36994 72481
21877 87795
87431 90463
58435 95762
27110 91079
32718 33108
181 87048
13929 23961
72295 82934
6492 45348
12558 13231
21937 52286
58749 65479
31328 45433
3299 88655
41541 98283
23268 50635
31160 34437
72884 99511
47070 90989
33552 67534
46512 91312
36448 45776
60055 98163
46860 78816
10853 28655
13948 87450
33155 58483
33582 45753
53982 61208
18600 64944
64368 75507
3186 20117
31789 63638
8357 8448
33091 59863
6799 77576
10606 99464
7921 52079
13481 50327
14792 36108
68867 95243
7456 51171
1834 69163
33216 89114
23286 33938
52475 72561
40401 44924
37085 87734
40994 98495
21664 72998
63037 67207
17348 68632
31388 46459
75057 92823
4008 50486
61067 66539
28725 79082
58114 74851
10484 72400
37402 61497
31838 56058
43828 45894
30275 64662
69246 87206
48399 87293
6847 70944
29079 92970
38671 53881
63072 87783
56503 81787
63607 99757
5550 19618
46774 66548
22520 61854
35213 76062
25109 99157
12759 95456
26364 67705
43021 82351
40985 46743
39142 52498
36117 52142
5237 55567
35418 99352
92886 93366
24155 46113
1164 21048
33560 79406
60352 78063
53036 78244
95771 96345
44587 61212
81793 97129
21253 78575
29480 67186
49250 56006
49710 55255
33357 69587
40818 85586
23358 86521
53085 83800
1766 12529
13892 55458
34039 34434
26540 64990
1262 38113
46548 51299
36120 73125
4751 56057
47414 83786
19983 48490
271 30403
35280 82578
35884 50646
45386 54850
46024 69942
22118 97023
61080 93985
53852 67829
81149 83547
30521 58517
1100 92375
26572 98631
44629 86264
75130 90343
9667 95974
6252 54838
59313 80463
3435 59047
40159 42463
16918 91215
21567 49929
33064 72496
26906 45052
35819 89094
48874 96860
48773 84615
51867 74177
34089 36994
34452 93433
57367 62282
16692 37384
52555 66926
59883 70303
41201 88845
29820 68211
61981 66638
29773 91776
43628 80117
49529 90520
72270 90812
4907 59858
42125 92354
6577 98010
78494 87894
54037 93001
18095 33953
63580 73206
38996 76389
75302 85273
6446 72935
120 54726
12617 28195
40690 71728
31716 88206
64123 86958
26557 35500
65713 82153
80912 82670
27566 61442
62362 70411
14828 37867
73847 76434
64086 74194
16993 53037
6015 14156
1525 4871
81681 94831
91256 94598
19268 66691
10055 89720
48890 96701
44288 95073
34987 97045
22834 85220
16520 56006
23269 36913
7581 70856
22392 63031
17489 95593
91696 91853
6290 30831
38417 55298
35548 39549
34347 86729
36079 69577
12317 14435
11897 56672
62274 94860
62091 77717
71416 97165
52375 94595
33386 98458
78883 80726
60275 75158
19149 97183
31431 53337
122 19521
1438 87271
72147 88772
612 2668
3544 50863
25226 52361
34629 93918
58337 96973
1510 78241
55343 80453
16925 44996
38721 81301
25807 94289
65761 75786
43698 54341
46868 74570
24887 91558
7254 28358
30790 94804
73658 83747
911 13923
14950 28545
27966 51729
54246 86724
8390 77491
18467 39964
55052 92756
16095 26767
15145 88983
53342 59240
9089 71949
26457 87845
42579 70056
13454 85121
55173 69785
9549 62235
42744 68981
4660 10284
10329 51756
26186 91305
9686 85621
22463 67941
45802 93067
12617 69004
60956 91482
225 17860
37048 56586
782 64532
15292 67657
51554 69339
7598 73320
69138 87128
7090 18396
2079 21311
27432 41447
53257 97257
34343 44078
49544 91189
39395 67505
4022 7932
60901 66773
4182 49657
84222 96943
96433 98524
16629 71370
5316 48055
49755 75262
39993 65184
38771 74281
65775 97995
74668 96018
47773 63565
24048 45770
14682 22182
7654 55723
5892 30445
5386 51616
12757 70027
80161 89216
53930 59771
26820 46189
3152 61467
55737 62024
46970 52696
2345 97103
20270 59167
25350 26406
40801 91911
49048 96489
15366 36090
51681 61258
65036 75407
54927 58942
65787 97357
25554 94049
7392 18235
56482 64683
8136 34939
35706 59456
13507 97133
9940 62231
7728 44556
64959 69425
28164 72001
13302 63431
22731 57885
4133 42335
35799 60982
39328 51840
54462 75660
65857 87803
1614 46285
39207 92477
71012 96544
33883 33976
10990 87043
6587 99570
57131 73645
84586 86151
35223 77706
11527 30812
1339 13565
53353 57099
4597 95257
18712 76470
52807 62230
31798 33871
36334 40482
35877 49471
6576 53370
8691 9274
68009 94548
85980 95902
47906 55305
24626 52269
79377 82261
4973 55038
38006 87588
72460 80712
76063 78540
4234 72245
39444 66580
35199 50168
70867 73373
56007 69972
39632 69526
54495 92068
48849 64147
27103 65709
24327 92499
93170 95092
38107 61269
2030 11855
29287 59165
34690 99314
39083 92600
6315 35221
48045 85130
66878 72206
1364 35404
28433 80780
14194 49021
32712 43440
14762 68490
16468 41911
13175 61924
53236 86263
4419 74463
24319 58423
55863 57622
34263 42279
15544 33835
72650 75822
21467 85176
72141 88419
33627 39546
2844 62751
16139 35259
29659 94980
25644 80395
47800 55359
31678 49009
13375 44553
64548 85216
25583 36128
13802 24461
61940 84544
65235 66806
5892 82335
65184 81655
44721 71022
12378 49169
19311 41713
22483 79956
78848 88856
12418 42985
34185 55456
35662 38180
1217 13881
66251 89697
26369 27807
29973 34057
21509 69958
50602 76153
58519 73299
17104 44240
13605 69694
43107 52091
48321 84086
92226 94596
74655 86977
27065 83181
50517 70291
16417 68090
20739 85082
27591 86645
39724 62004
36960 45421
12734 55807
15435 88623
65193 90099
99439 99869
31772 59335
44408 49389
26912 92256
51177 85389
15574 69306
11713 27801
14433 84726
54851 87269
5857 37189
42540 52978
6284 77648
20868 61970
9793 15531
12468 45212
53385 85083
45335 66482
16228 97849
41271 68413
10348 93115
58310 73096
12449 68828
9725 73704
49160 97493
33367 80698
519 23348
4165 33829
141 74532
25218 86160
9855 52654
9791 15528
9262 74725
27652 56492
20056 58666
31044 31532
26143 92782
62538 93667
57223 72854
68702 90822
84826 93370
19874 65733
27048 57030
50507 79195
19570 23418
72175 84400
16732 61142
87039 99067
10436 83427
34148 70041
45516 83475
9192 39497
15470 35055
28468 36483
39498 52939
13148 40008
57166 86875
5999 76031
3417 6703
65415 71950
46215 95757
2337 8918
25651 34874
22352 80851
20687 25573
13064 66645
66578 83276
27749 30460
21872 33874
5659 96549
19771 58627
26976 82422
63830 99427
38079 70760
67 53678
7563 49300
36400 91768
5765 39604
20238 66999
8833 99778
13706 98753
11473 39418
34614 71491
36893 98052
47777 73798
3822 54661
46775 70454
90898 98711
21719 59733
40968 51904
46233 49436
26952 57560
3380 48021
37448 65791
851 13502
51334 67174
64126 66720
1620 88126
17859 69000
9004 44734
37459 91367
15557 50595
15839 17538
70770 92805
2352 84220
83956 96232
94825 97193
58694 62296
10349 21275
44365 50006
65458 90566
54979 73500
13272 15569
46882 48956
50897 68021
12177 60552
20528 97396
78964 83991
48396 56042
13676 84381
19490 64082
31159 31958
13497 56426
27288 46750
27038 59966
39513 40441
8469 73687
31778 37664
19866 57420
58718 84060
74400 85218
19713 38142
7558 65253
617 24642
65971 66810
33139 96603
6937 88136
8013 79273
57390 78014
42758 97982
85375 93951
39604 88925
64886 81703
82325 90311
19136 45375
2050 75157
10888 96526
73183 78376
8168 61324
60713 61101
58560 60517
32658 92656
16357 44273
32857 35134
7341 42737
11012 71591
11322 51540
52350 73974
39559 75881
7398 13789
17503 31727
46527 74024
9984 52288
319 56224
30577 34004
1042 86269
66577 73949
38023 91026
1939 74511
11145 99519
23480 52795
60137 89887
14916 62741
30947 35539
62342 80621
64518 98928
15679 54432
56975 81153
72762 93244
76607 98338
65505 93998
20355 68139
70487 92104
17580 80403
8119 85060
63165 99380
763 20967
31241 49398
91899 97053
15041 56574
27733 77339
57414 76245
24345 61700
38053 44027
49881 63839
19138 42789
12646 80696
7666 9616
9407 45731
10396 41703
42255 75742
20190 98813
34617 68955
15573 58261
5806 81055
7215 90537
34443 57051
12058 67303
1528 27742
91525 95691
20790 88642
23332 66584
33385 66641
3736 17600
11639 55587
75094 98677
61442 80160
27890 90817
9518 38803
7890 18251
6975 31553
73710 81553
57846 79836
41466 86757
57099 68751
17598 35526
56734 80466
8649 84406
18000 59822
17623 77559
1301 42489
11715 44540
17688 51439
21502 59716
23816 81918
402 99597
49547 55329
46688 61872
54178 64258
65883 66906
19573 25098
31185 42077
7578 94147
32648 75075
46310 60605
66244 70506
18372 79562
49694 56336
4019 95053
5525 31155
23541 56488
31714 82479
14485 28716
13909 26332
32097 92629
29452 58069
7403 38419
81309 83560
33865 98548
58916 86388
19625 32953
8550 54639
4706 75224
26143 39908
37864 40139
28992 94358
71626 97837
20333 87601
9795 49501
26540 36236
29482 44854
5474 99733
19370 20429
34927 77544
22410 65567
89137 98259
4375 50964
12654 38688
15504 89148
30228 94856
15512 43190
44772 54360
4449 15950
50760 57181
58882 62361
27906 31231
43304 69994
21346 38215
19173 26656
32612 38384
45314 55063
3362 37162
41396 77821
26377 34411
23980 38307
17048 85944
70986 72146
27550 83743
17091 49953
44788 73157
23943 88111
53052 85185
18065 18483
21868 74040
13480 96363
53902 71865
19880 85266
36498 49200
31021 81860
45526 86964
61191 80489
29828 51559
23219 71782
45343 75715
2443 75715
25012 50956
130 21863
33457 90467
36237 66344
22915 90419
23197 69856
23222 54422
62431 99385
39816 92900
92633 98036
51538 63375
40932 66251
26304 31293
23961 26802
2987 98208
6173 57659
4166 15279
55329 87558
45507 72204
2523 27734
13694 59658
303 60055
32944 82700
43114 54134
64248 87057
25254 84151
44182 58270
21376 90587
35095 52953
51766 91268
8770 88935
95086 95192
40041 96607
31338 91776
2700 8772
55861 91397
22443 37780
40400 49320
4433 45105
57310 99313
22137 85186
72821 74361
38791 96863
90855 98834
39093 58280
20877 91527
14157 57837
28864 83494
39594 75396
68158 76087
51617 76817
9173 97486
18269 22587
79153 94918
15435 84319
34638 83682
9796 93613
7241 34784
5872 32656
30555 72387
64151 64199
33210 78025
43779 83541
13446 49456
3853 11081
43150 96327
56356 78595
24912 61089
73452 84086
41812 78378
36991 43811
8138 83772
51418 72027
55446 90384
5643 18267
10755 13169
63297 68057
59744 88431
28937 88865
2667 4393
23997 92431
32429 44780
10846 25637
20472 90356
24822 80747
3962 29603
64581 75934
7198 57464
27995 62470
37618 87717
42311 71772
3180 42501
15894 92510
51976 55166
9826 86335
11182 50408
16169 58216
519 69975
43456 67914
71785 84331
80680 89602
13975 85736
8050 99091
46741 79639
66876 73786
8497 19993
53556 74319
7620 71393
63005 79376
6032 59733
30318 72744
15470 81426
36770 62318
1531 83249
15279 63439
40973 79287
21590 90842
87459 91664
25244 87143
5331 65164
68541 94785
37840 62592
11965 64551
57795 81611
53939 74961
1311 3471
27325 95435
70433 91995
54407 91018
83119 95869
8898 26936
4605 60831
53 1816
74892 96530
22217 44936
55908 66243
42237 89245
38927 91938
72190 80874
67315 79282
27206 62891
76615 77250
68240 70732
3183 54976
49306 87214
41402 57327
66342 87197
9735 55536
87688 89248
15802 63493
5626 25035
25353 29010
190 29294
8444 24353
26454 59533
15631 88795
4012 89045
16186 96961
40107 54809
4754 52292
19198 83585
44856 53362
74272 84170
12773 46991
77161 82026
4842 89952
45302 79161
749 80106
26612 93395
16762 49848
6503 27609
45179 48158
75411 86131
68166 99648
65171 94265
34719 99801
68765 97084
38474 55046
75193 97429
16401 90957
29171 51548
60113 88591
32402 80146
34496 80219
21005 23093
657 9499
66583 71549
50696 93409
62377 80807
64339 77300
26363 96657
77777 84350
48559 72810
18938 65393
26368 80428
37903 93529
8418 28815
55564 76682
68934 97559
30624 44497
64605 85251
37672 70895
10712 31843
32732 87069
20538 54746
49040 49271
24037 71886
725 24014
6970 37184
59084 95875
2035 2473
6237 8107
1693 38199
995 65653
41770 66246
74016 81181
54984 65143
88880 92440
5369 11499
47491 48667
40182 73469
77514 98663
39578 48044
46409 76549
15037 99169
46908 95918
43520 54448
4593 18654
2264 66075
26910 84141
29326 93691
56396 71323
70153 73715
17643 24965
71807 79285
15400 76573
13913 15209
30145 43622
10706 35418
10699 84745
64369 96947
2456 35768
1628 75541
5992 40409
3997 27409
64511 83450
2641 82831
70616 76279
62898 94203
20703 67298
31105 55011
10858 43228
57391 96121
28640 89003
63670 90181
48953 64405
40741 72282
15781 49163
21988 45038
13429 78263
27531 90284
41782 82946
507 17550
22583 70425
20503 99537
24040 84711
8296 86107
4705 38679
65814 73149
83852 99617
22886 76062
14694 35520
21708 79811
46523 68467
63918 87654
74328 92888
35580 35580
67119 87653
89837 99739
1754 58680
40714 42299
29571 57523
8874 18873
20767 34670
45689 88418
37140 71890
22315 96488
44143 70927
54605 84067
18157 31116
8979 22393
41306 68765
4697 77574
48344 91903
3949 85371
53678 80663
9648 9680
37902 58471
47970 68144
42386 55815
32898 57120
51040 82089
15640 39074
2818 54670
27426 95351
25757 51924
95341 98747
15899 84171
56467 80305
78238 89108
15533 83190
42802 44717
50795 89855
78609 98464
88956 98634
53304 61849
8444 35699
15710 17769
370 31666
6810 93388
50311 74070
6881 86594
4113 14295
16849 66601
3971 8404
41627 71029
2266 59657
72258 96818
40531 62456
1372 49659
64564 81173
16197 73365
1239 62844
17363 89465
29309 97729
35628 86358
30660 44087
49702 58357
4175 68857
11090 59781
24581 52163
19472 82539
40540 77830
21270 26220
29855 70375
33535 33585
35149 59300
7613 92725
10041 44754
14868 32849
57352 68497
52407 83389
49899 90430
95969 96251
73021 81285
57849 83470
17114 79042
11730 14648
23145 64216
900 44451
25373 35666
58358 97107
32749 64216
55360 93536
2783 31781
8710 41494
12925 46955
18583 51441
42051 66384
44705 98764
4108 39068
26033 43631
68797 96401
10944 64273
12971 84304
3029 42951
83613 84496
15909 22132
776 64553
36123 45531
37935 56990
62931 63936
5563 28137
80445 92876
19775 20468
54416 93647
3921 57268
63356 83760
65893 79615
20408 79266
28254 82677
3448 35500
25536 49888
88109 89289
45089 50087
57594 91906
21879 53095
526 59048
72621 89890
4601 86858
76474 82953
41977 93494
2698 39050
2978 95167
51007 52944
63358 65498
18621 44572
10869 48019
1304 26678
8584 44580
51969 81842
37244 65741
12563 81273
15161 33535
62302 84125
5764 62313
13443 13768
60605 75097
23187 66919
43185 44679
27102 76342
52140 74507
23405 33492
15257 34639
46152 57836
1559 80674
26316 30512
31601 31863
39668 60747
336 19649
18787 74305
32039 97807
40194 99077
21811 33718
66563 72642
5591 71479
75790 80799
39891 71542
23915 64086
1018 8051
43472 70272
4935 96621
62764 88425
27808 71278
19784 47978
63898 95924
64872 99219
13587 57731
57870 76410
18471 65695
35221 61288
648 90752
3849 50083
29377 71578
57952 65373
77691 89480
39952 82266
30636 49372
53524 76495
2767 40520
21654 53233
6806 94259
53190 54893
39852 80299
63907 95350
9791 67489
24625 90015
3197 63971
94877 98740
6622 61215
34845 81718
35313 78065
66440 96277
52725 83510
61295 99119
25386 92182
33088 36042
36150 37749
91095 97998
46055 73903
70464 84022
8096 94624
24218 40979
95373 99919
41634 96859
31402 69518
3068 34982
71598 71728
63339 84315
10449 95384
29616 36208
45009 93217
2949 85543
26609 52142
19702 22350
46865 59793
74274 97912
8062 98851
17527 84658
80609 84644
594 15925
41088 68106
13085 28193
81340 97271
29447 44902
31809 78504
26310 82798
8072 93301
1206 44568
57 30863
26217 53567
8544 14255
16314 82533
16351 83992
76940 93406
44385 98464
13298 22821
4332 66130
35178 41739
15237 16513
10608 74579
14823 27254
32009 71282
26982 81197
5532 90032
18878 38075
70555 85150
4719 18840
17517 75724
53091 77852
15561 61652
41099 65076
38876 86181
34607 67941
22864 92638
271 86847
40736 98340
52492 83198
35383 70338
77883 82003
14020 54449
13677 96802
22350 83646
24204 58520
86947 97905
69006 81722
6936 9907
23657 42974
52647 71879
9330 62154
23284 29709
4395 64829
8530 68470
62255 82760
9690 94305
74415 79438
35083 56712
3565 40814
35525 48933
18588 69784
60091 66708
7039 92405
26319 27776
11159 37181
54257 99614
35629 47191
93060 93633
15503 87391
17223 90986
58813 74984
55817 61049
12043 19286
9553 61133
34790 75319
49514 73207
19895 92152
38236 40527
20432 49958
11984 29551
74540 86737
13416 63303
5487 73305
40557 42012
37474 59694
43207 95419
18655 99590
86505 89499
2784 16682
83421 83639
15973 65050
45678 50363
31915 58430
52709 76995
42243 54390
17842 46696
41370 54011
12190 60499
79805 97515
54671 93763
29553 52916
10661 13165
79083 90317
35865 71403
12264 89670
57672 91340
55402 73473
66092 80042
1795 18700
34210 48437
49431 59284
2659 68762
64027 86949
636 59298
14876 87006
37442 44853
4806 30706
41867 94188
34893 78333
25464 62925
51381 91663
57950 94684
8881 26100
92171 94114
29269 44936
13122 32303
27345 57857
68492 68505
11813 53878
48937 67326
25874 72899
6469 86908
41471 56938
38716 73722
36028 56381
7981 46671
30242 35944
951 76110
18522 51465
35898 85544
25290 43643
14339 89393
529 67645
4998 89674
52864 56334
5132 37875
67777 71163
32540 54914
18375 34719
38400 83825
16723 24816
6772 21113
27378 28321
22712 57643
45926 83111
973 76037
15146 31443
4107 68965
35828 80531
17834 77737
19753 64800
26685 74341
16282 73823
19837 27227
32185 79107
52934 59775
45630 68297
65889 96582
12342 56748
10809 79718
15255 40790
21678 59574
8312 18819
25612 74318
16027 45221
34020 89009
9388 74778
26275 86565
69790 84286
16640 44242
58943 94276
56739 77434
43336 58777
83436 84137
43149 81093
66247 85164
42615 57990
19268 23250
78281 83358
39273 54108
28529 83607
27212 50741
2199 72842
85068 97494
39909 60814
13343 84268
83333 96153
10590 16694
37186 56518
26718 40198
6581 92071
25450 33084
34625 96887
30531 49884
17188 64529
4322 15594
11662 88395
7481 29750
5767 64866
27114 58153
73832 76796
70985 80111
62280 73044
21972 29617
559 86335
589 80384
33846 41070
200 31161
7012 65221
35405 65627
34413 65760
10663 95945
45906 97820
37209 48729
37866 49734
2898 86446
84836 88684
24795 25809
785 95120
57323 63561
25946 54975
17175 89024
33462 88711
31691 43922
17070 78054
1905 97034
2629 54309
46581 64167
33 90238
9271 18403
62878 85112
11222 81966
17114 75533
42466 96754
34074 99962
4216 40572
9236 29991
66316 71533
61733 85472
9513 67373
18161 87289
38161 50286
75712 89505
13854 70126
27308 92813
17348 41053
41356 95171
5841 50884
35251 62348
29069 95563
25700 56381
32671 61953
393 30314
94943 97335
4174 12593
6887 74931
43254 82860
46950 82258
27451 68035
10315 95502
28059 43285
38136 63981
19991 88975
25350 34853
26548 49900
54785 58296
49439 74440
8537 29515
15066 94225
5112 87388
26584 30291
58849 91250
18006 72243
28831 88223
16584 80306
7691 17328
4276 25159
30157 76066
71638 79204
16760 63745
12821 96944
75626 77376
30492 30921
66505 71391
56190 59168
65185 98515
71871 85942
5930 32719
35434 81797
16218 67362
40882 72750
47190 86978
87407 95202
6995 7919
59315 91643
11764 23904
22734 66293
25392 56835
27496 91875
46366 79013
55005 71057
2036 33258
10157 57594
17322 54743
6649 20085
69359 81230
47716 95095
40035 50754
34129 81496
25129 85821
45222 62250
49664 50406
33063 78155
38920 77146
87050 89060
298 87274
50607 64483
41231 67096
8413 99778
24790 47779
23278 43790
24188 44148
10642 65145
49759 56932
54329 95071
38116 90776
27912 77503
58194 96817
2947 14048
65594 91231
16301 22961
40748 65431
41726 72592
44287 51350
18069 93215
39164 56734
36247 79425
25558 56784
23899 36418
6587 86428
17191 50153
3038 56184
67638 91344
51586 80840
14825 16015
39451 40818
16226 55684
19020 59081
25347 88037
12376 13638
61334 78923
47015 72913
32844 68571
33807 89112
6921 26842
44001 96564
33198 92069
26462 67876
21641 90999
418 26442
21147 23531
21431 22383
8425 61519
44500 54917
95090 97754
29341 99689
26012 48920
13702 78678
43173 62711
24690 89205
49490 98519
34094 34305
1461 69597
11386 53483
39564 91744
41501 75690
66983 98549
16186 29741
63435 78037
45787 68232
30244 53918
9777 51200
10264 49317
21713 59258
51449 82009
14308 55522
43597 63448
6707 14580
85935 90787
31754 70934
29027 35225
62968 97933
46084 65049
47232 98413
55486 92648
39977 93510
19008 72657
37662 64442
22679 56291
34503 86717
13844 30241
39815 82311
37158 87348
29234 55748
28998 94796
41577 86102
18030 96019
4182 93737
25763 78302
35821 53513
2753 54354
31911 74110
40157 56630
15356 18453
58988 80779
55520 94008
82603 96945
41742 55590
80246 81661
11785 85065
22087 85358
3617 53574
67874 91450
28896 63873
26290 86837
50248 59942
1755 10688
20450 63739
28402 43843
52614 57193
41630 74346
42239 61083
3418 7952
44696 57280
77253 88333
4005 85244
18602 85917
14932 15388
12217 36117
40406 89026
401 64687
28045 59474
75412 84024
7021 10344
21856 68583
44941 51112
22393 65737
42899 71340
26338 63403
6602 52427
34617 79475
8448 99695
1300 90888
9652 14355
11738 83712
13772 98651
26604 61697
46005 70761
11642 59704
66673 77467
26066 51056
12166 76039
61175 66635
36860 98714
91248 92475
28524 83319
22834 87627
33066 36114
70726 79859
30755 32099
22430 65263
24485 42925
51579 77472
30579 95691
30461 36457
10749 84004
32510 92684
13975 55822
47693 90581
75726 86911
5167 67112
4193 51274
23927 84662
25010 55420
47045 74038
32688 96781
65488 99400
16232 92416
28075 61148
23481 43508
69560 87634
71501 78562
21793 72579
11074 81015
46608 68472
65954 72154
21917 86241
71081 97391
56319 93634
22606 27750
26602 78464
465 20920
85059 92962
1034 93854
35903 95835
12160 29653
62239 69168
41828 62698
81474 92011
19675 62239
68591 86325
34933 91675
48874 82003
2046 60559
63966 64194
16624 21913
38283 98085
47222 97297
75545 96328
15124 73258
92301 98056
19092 54100
32234 57357
21150 69411
65242 67339
57140 96578
43491 72196
50552 56844
15517 28508
27227 27327
47938 93600
77803 85001
40263 93740
11208 16484
20890 75984
64744 99161
9259 36320
57240 61893
61440 70540
26675 89824
56041 80359
21166 36073
50245 97552
2359 86191
13511 26052
5161 19673
43702 48781
4288 24888
3952 72601
7438 58529
60738 99933
35426 92148
41935 47088
48805 71000
28652 31941
27387 94215
84623 98101
30057 48660
4263 77575
49013 73964
65569 67052
14956 26731
12366 69501
19928 78605
23253 31499
29137 65842
6394 28242
6535 14084
12714 84606
17996 79465
34803 49517
40122 55880
22122 72493
26332 75392
947 41833
37838 74244
71313 91648
14461 45691
868 93346
73873 77974
19237 85868
19356 87042
20747 23199
42672 75246
20128 45797
61214 91143
64559 83994
51544 80897
66798 90481
16386 41594
13801 73686
6489 37647
265 3769
4364 53774
12436 68577
67860 70437
22336 83620
24623 58210
48727 60130
49639 53415
35236 44795
34604 76311
25297 56467
41759 78086
6648 27498
70660 87303
26263 90487
30144 77544
14858 51670
22165 60325
58187 96168
62612 68782
20587 42478
39947 52695
29807 68255
26281 38913
85361 95210
75690 79721
25149 90918
69602 74045
16530 38456
7728 8176
4693 29271
14497 53592
11705 87361
43332 90583
72261 87583
26006 75566
23666 70098
45252 56608
76460 95540
28887 62465
72601 86362
15061 70359
89610 96216
18018 30163
56227 59685
59928 82361
27536 90094
40570 45545
5578 6887
3019 3487
23661 29050
7002 23101
44269 75124
20139 69685
58280 89092
17380 31279
14829 48086
3413 6126
35507 89666
46910 85789
53385 92786
57298 96187
20766 57751
19227 63675
47098 93628
8672 11283
45710 75312
31587 54332
37709 62449
22782 38706
20277 28209
36093 80392
639 83965
72285 96609
59605 65016
16994 31206
12352 34907
15131 76369
60334 83267
19745 38488
7853 51775
1062 98751
48259 93509
71363 75451
69038 75363
70405 93058
6940 78274
38933 46145
26488 26635
35899 52577
37287 44318
627 68598
25798 99966
10189 91476
67058 91397
40420 64836
20246 73602
11472 24817
2908 94097
61834 85155
68027 74592
18337 63188
35571 80494
48184 81490
19058 67103
80778 93372
54136 77462
18312 60897
78944 90292
24392 95177
10808 51500
46341 57449
59311 88382
12860 87663
76582 81083
57369 83608
5993 86900
38139 62314
3525 56395
6455 89566
4040 94113
8644 19517
24057 43670
37656 58916
64663 87149
25207 83447
51670 65219
3341 56324
31623 83247
34847 86572
49048 54844
46634 91721
26846 65347
53931 85702
50689 74389
5396 49331
18885 48183
48216 60545
20514 29254
696 8136
9619 50829
20365 70775
40973 78269
977 44221
10864 65985
68820 79490
31126 63073
16875 81702
26295 77155
20644 49838
24860 57408
2295 62262
16547 70701
2690 45018
18355 98567
21187 34857
64686 82511
40253 48110
60673 87056
42851 66242
75539 96281
75335 87811
78614 92698
77140 95649
8103 23728
25306 29246
59893 68364
22337 67482
11712 47550
65635 79192
28826 60912
7406 26408
40995 60847
71894 73650
5864 13848
79733 96384
68247 81334
16605 50700
5056 68075
5891 80845
21405 75980
13919 86201
42206 51210
14486 82743
37540 87260
33143 58440
20271 34790
4708 7552
45743 52382
25328 78575
43949 66281
7202 57214
20239 21955
88442 90514
51120 77968
22950 32246
27240 52147
3586 81584
15903 18194
46135 63824
37765 95478
26926 27749
36775 47224
86561 97366
18562 38075
9426 82715
9611 56648
62079 87319
57916 96637
46453 91930
30843 92092
15426 61054
83268 94983
10848 67287
85202 94712
43785 50229
2582 68931
1349 47974
51593 65065
8161 68195
25550 38805
37664 73928
31421 60485
48266 57075
63915 98123
3738 95322
42905 71659
58480 73613
46129 65634
8665 21094
7626 47811
27739 89983
67772 83364
3294 21117
70494 98124
21279 45650
886 39887
31755 63298
38894 67049
55202 65334
12471 35316
58284 61833
9580 73601
3534 74415
7050 41462
17988 80410
7419 30086
71108 97125
2360 72012
4129 80043
67721 94580
72627 94343
27747 93030
69338 88360
42043 64157
35020 62731
53461 66848
3489 26710
61204 63798
83587 87950
9189 97582
64059 81290
30584 76111
11412 34174
41361 57865
7864 55405
5331 90386
11046 33009
26502 77413
4922 20791
24099 77397
70945 89162
45210 88850
40303 51155
56490 61662
1877 8687
12456 73141
10823 44576
24456 65682
25809 70011
34644 55054
31490 85712
59507 72741
57341 90260
67901 84514
13067 89046
2321 69154
25889 74703
26755 78427
9118 86235
50401 76442
81410 82319
2854 82575
35821 68657
22880 96011
84439 89131
49250 57325
17102 50206
16495 64110
35895 49881
23160 73389
2149 64829
43016 46143
15082 15141
47717 76598
59683 93487
64826 98098
2210 91731
86220 90251
67852 93986
15454 17528
37279 63010
7742 22309
36267 52250
69092 86154
55474 64587
14326 42226
63111 89235
18483 91685
12904 32746
20093 36977
26566 90736
18008 58706
52129 55026
13846 30177
14885 92957
8919 30949
49013 77371
5457 60934
75237 88747
2582 42847
6606 73464
3152 13343
41639 90637
1326 44100
7191 84537
43300 62083
3471 79009
30335 43626
13468 57203
38712 69387
36570 62209
920 31601
5478 33025
13033 33654
48022 59194
3480 97068
24845 49144
5130 11797
48653 53961
81348 99582
50004 88055
3975 14450
30716 41456
23032 96944
11092 43647
64591 99177
23991 41867
7839 50656
19872 53117
955 8766
29244 50444
75916 92295
87230 90835
7843 80301
26208 28153
85368 91973
31610 56878
77548 92054
89468 90622
32191 41338
83409 92541
6447 11501
36980 45821
71797 89044
392 49396
4346 10970
8389 64953
64307 96399
75930 91265
8521 97924
79177 94340
17672 94437
52566 78248
25147 40974
43645 78131
32038 42716
81005 94075
72571 87501
26752 70370
8672 60406
39067 96154
1052 54013
12357 62996
58884 65790
65770 91602
33831 93282
20323 76618
66454 72800
36700 85738
16294 54803
52982 64459
21134 89006
3165 22122
857 74426
45945 56733
32959 41556
6599 79015
20636 51007
58782 86280
15044 81989
8982 99085
40516 42605
44490 47867
24889 90543
9999 52085
53489 89288
28274 52179
34734 48552
54264 73262
45910 65231
21015 68711
59046 60850
17678 71656
15859 67612
44842 99286
73524 80778
37940 47277
36932 94861
72054 96536
53037 64804
32823 49367
16247 97360
62492 80055
66887 91206
82541 99922
38437 77228
15851 90098
72672 80073
5982 14751
196 71611
315 70247
50999 88430
8013 66933
43336 90588
39623 97606
6276 35856
62365 88999
32668 53870
17125 52159
36474 43924
20210 89528
11709 59071
2094 89077
44777 59679
4357 65015
44237 87193
17821 76861
50792 76886
67012 80132
38479 97896
14088 71630
83051 95339
17404 47798
16616 41729
45991 95091
81799 98465
54005 76188
1881 69530
4719 24485
10713 67360
12804 97769
21042 40686
36464 75376
21867 36305
12131 25051
25088 78090
14985 75628
67232 71317
47434 85404
18675 34807
2492 82818
72758 89042
30125 56958
49729 70683
39783 47608
33894 84548
89116 94895
44938 80105
10374 89114
46036 94029
10032 66745
7871 88967
49113 88303
9445 57281
10164 96239
11334 96408
29160 60535
42459 44518
35548 98526
31874 64081
16820 94964
39974 54196
32279 34051
56155 87659
2564 96425
11784 53675
34773 44328
2458 45500
22047 60877
10185 46659
59673 61397
57512 96699
82591 88887
36755 40743
7836 93352
29482 49399
56722 64146
38379 63214
23443 49712
25754 85268
13207 22722
25561 64498
19067 98639
11668 44537
41222 56984
59913 61256
56445 91252
33098 78373
21938 55814
43316 79244
57383 85564
78501 93063
52256 67214
24030 29557
28861 44070
18765 28361
31585 73929
90230 98215
20119 82708
665 12973
72739 95595
6369 65475
49083 52886
82323 94224
29263 86784
48406 54209
25996 89386
13649 23741
8734 12742
20061 44649
26325 88085
28192 38547
54276 64980
11216 56693
44886 96158
34025 63502
53460 88355
26546 34201
25471 99402
77437 99575
79996 92022
14306 20310
40282 63814
10358 49936
8301 32683
28330 90463
70690 98394
46556 91425
48233 68782
1897 8809
2640 13860
11475 21427
20568 47936
33879 82531
50866 93577
5325 94933
11773 68695
2979 55179
73076 88873
10346 95726
13786 80478
52499 66374
50117 97987
31928 64664
4175 15250
38498 63553
43217 67700
15236 17347
34670 74068
31560 50591
36887 73308
17254 39029
28137 37672
21110 99487
21896 82838
31098 94772
20553 48527
64432 96252
24018 47552
18915 98319
41298 49112
5274 38718
55578 69097
48716 94621
51455 77451
33492 89117
57415 95216
43492 75290
8671 41969
83893 92112
79101 89451
63337 77531
40995 63929
19087 92476
13581 65137
93796 96260
57499 73546
19586 38582
57091 73490
66050 74779
17518 92090
48348 54281
17993 99177
41759 60654
17249 20879
97428 99385
24195 97807
1978 17497
13524 19174
19313 80101
39218 67554
2731 62337
21170 76440
69892 72019
24071 57837
14575 35465
52155 61413
4488 10998
21942 64327
23239 43706
58073 93111
22952 71285
15485 82787
1132 86183
42663 49647
14438 22506
15754 61327
34165 64386
7999 29476
20662 36879
15452 67878
15704 59358
38776 85019
2334 57312
2119 82597
4451 67193
66770 91412
35384 38381
20832 61990
42803 69236
2172 40652
38078 71717
42712 68858
60574 74836
77420 89760
7130 24713
14975 36254
38063 96463
47917 65166
57222 98071
7180 55614
51204 58871
22553 73034
3438 41309
31383 32276
71466 75825
29964 87779
15709 39454
7164 74647
47877 96005
57774 92177
28250 49715
57977 75368
20543 65120
7716 99715
33013 81398
56759 64502
75514 85657
5551 50875
81255 89079
17733 71908
3352 8583
23184 93375
55114 58815
8582 14478
23777 55567
903 49104
27842 37400
33449 65201
2685 44264
71259 91233
47273 59507
70266 90452
15306 87948
5587 53402
18541 53042
24893 98646
9615 71371
50482 69327
17623 79451
91389 97338
51654 83597
9978 70785
5415 65645
43720 58561
24700 65251
13849 56369
10713 36749
21151 91479
25145 87912
18416 72164
8351 68315
12702 92677
21216 27263
86024 98748
28096 51596
16955 57823
4549 56305
16134 94867
23510 30620
825 5501
35204 43576
19176 82208
6171 92371
16568 92369
22899 48696
25241 41438
75170 76382
5311 17256
67347 98920
10732 20715
70221 72811
41301 93141
1438 80951
70381 98525
33082 73802
7648 52241
69350 82960
9920 73697
23141 27224
81393 86292
40407 87981
10714 56929
44557 79145
1959 43946
12434 48739
12432 84371
16428 26425
9225 61241
11389 93203
2225 66062
21148 25554
42103 82272
49891 57476
54293 71395
4677 7742
42836 46292
48938 53710
2357 74952
9526 69686
53633 91415
20641 67338
63745 82650
426 6972
64991 82051
38343 80718
26901 90777
54679 55468
47239 55655
48288 91904
75712 77252
60768 96506
73529 81958
5056 14753
28149 62600
4817 30201
45436 52708
19336 86755
86892 98367
66768 91971
1784 33578
32720 83355
8095 99175
27224 74608
2704 19168
89908 93095
37406 71934
33848 83391
23402 32872
9361 92602
8301 46814
29288 96041
10905 97160
7749 9263
82097 87908
27775 80294
19171 58354
52329 54236
481 27992
31367 31561
4127 31066
18610 46228
49436 79504
21841 82293
16511 26647
57943 63770
49409 54542
13052 80802
5723 31656
67526 88522
70595 81718
60317 91126
43498 68778
35460 46205
14395 80623
14062 57365
2606 99208
44027 44533
24762 76738
43671 56618
51939 90552
1272 1332
41343 94279
37429 38854
9989 96400
33783 43393
25440 62955
41992 42056
14304 65024
5225 37607
58444 64702
26784 46705
14594 61550
47857 69232
46063 90560
2695 59186
26118 97587
71545 80761
37745 83108
6791 62682
5747 25242
29629 56494
88466 98758
38023 87272
38684 87960
4876 19783
31892 59684
18444 23737
61713 70239
3742 29159
34525 62353
52676 54842
37390 83157
26555 69936
13093 68705
4254 28841
5729 72149
12454 75186
37244 75278
12787 38118
13507 24928
10422 10925
39541 56660
56931 84655
3464 29380
42399 99182
31207 74284
18971 53590
64447 78071
74409 79726
32908 44954
8462 31597
92566 98335
23726 94796
59973 86663
17327 26457
84646 88185
54615 82595
62108 75599
29078 84395
49574 77214
77266 90048
5462 99691
11160 73229
8742 63496
60849 63463
94305 97678
54843 83961
33135 53514
6672 41663
57564 90106
93538 95088
31830 46079
76231 99735
81292 86824
64751 94368
10260 73685
24144 49971
87319 98865
29501 67914
7739 37552
18160 51939
25370 64586
365 31048
14792 45280
2452 71821
6123 33065
11263 50542
50570 68288
14818 20348
8218 15499
20111 84140
10610 52592
50440 81617
21112 87682
78807 94194
90715 93613
17744 93274
2360 34596
33138 78150
102 42940
81911 82019
27563 75630
20675 87940
67079 87711
87724 87907
48643 74960
29677 97309
24905 89503
56209 76487
11739 42823
12798 33433
18116 56992
72670 93411
13361 58330
50222 97674
13378 17256
39282 47141
31839 52757
9826 37249
12208 74464
45186 86438
88804 97990
24324 25815
32024 64771
25728 94244
19829 68668
45328 59412
31092 88685
27131 40114
6411 35037
20642 41518
27525 38292
9709 45637
23374 95018
9355 19458
24946 90610
77470 88516
29584 34676
66899 81936
14655 86972
68914 92699
25359 54169
13607 72739
48459 78591
30851 53341
15658 61268
43052 87483
4102 47163
29495 68527
37956 53497
17942 48154
19565 86953
5308 78979
69015 80035
31247 65103
22486 29260
27327 87742
15591 99019
25364 48085
26215 52827
66730 69572
7494 26368
75720 91557
25675 72666
33434 52829
58517 78943
16393 20555
47466 53008
12440 30855
56133 75777
43977 78671
28392 67141
14246 57096
56151 62699
985 9611
86528 87544
45712 72454
13904 34782
27923 62260
40083 83626
59509 90605
1015 80321
62662 74787
59229 70112
709 21984
57955 65109
53941 75240
51098 80109
22682 42852
58104 69733
27435 38037
37105 79989
1476 20576
34614 39929
49004 65494
43077 68033
32759 35052
88775 91885
18225 99432
51353 55120
41480 89711
14462 33962
2084 47999
81346 98382
27363 56313
2243 99805
59007 70849
38145 59729
40427 77053
85186 86718
5044 91244
37185 54099
26305 79083
28454 52486
5519 51353
7726 99305
79835 85665
14000 76275
17395 89863
4065 49440
489 33821
44023 57143
65303 72067
15530 89637
3062 21451
11316 87878
7365 8173
53679 62780
34595 55203
47192 96345
59564 90311
9570 85876
58680 67104
24632 30479
9817 76116
5194 61204
23812 34831
1281 4115
2114 36723
32562 71439
35564 37255
22410 91284
48098 70803
13050 21197
12084 13242
32390 91733
38135 45718
30698 37421
78933 79120
5883 88115
4724 85913
66479 95668
5243 16430
3700 56717
18555 49670
66137 89696
76310 80492
8666 87579
39636 72778
66967 96782
24901 87833
19003 47361
27935 82843
59634 94158
2198 34878
11447 20977
58865 83652
21177 78386
22412 68956
2914 31552
50802 52558
6083 12858
38624 56810
20943 98171
34049 80018
15869 39155
17666 31948
47511 62578
11140 74719
45363 71124
12459 87350
19581 42050
63060 65464
31915 33266
8732 52878
59751 76336
1695 19081
10982 33760
76457 83844
48395 72731
33755 77423
8488 96199
39914 64700
3875 9092
6034 99738
75559 90302
82267 92003
30509 58645
57013 86389
40486 59058
11320 40458
45895 94092
29339 37847
38824 59885
59396 82254
42489 45778
4584 53311
55625 96586
15561 17775
5903 96155
57892 74930
27271 44478
27277 64002
59099 59856
58847 65263
12330 46330
29608 38719
30148 41820
11494 81784
42110 43920
16146 54156
22304 40922
39098 57225
94641 99400
17400 78728
24219 25129
35160 67628
12166 71396
6434 64978
1239 88980
17942 84181
6344 67380
49811 80574
59405 59409
90423 96259
94639 99765
25354 96066
75623 75870
28125 51222
32363 42575
10511 12361
18197 76122
12193 54704
66336 85805
26075 34631
65327 83002
77614 79474
4891 13672
2673 18318
43943 79416
6951 43652
19232 30167
51494 87952
11182 19293
19789 62062
38424 67823
54450 55699
45349 98337
38512 83152
30015 45601
13132 17350
59707 91957
72766 86753
441 46855
51716 83343
56819 86354
42515 57591
51748 95817
83687 91135
7857 61918
24964 36634
51068 69087
65813 74884
56137 59500
91053 96010
47973 76105
9428 37708
13219 79454
44027 72219
19006 31529
31880 34510
47447 70974
25315 83824
27389 55316
18306 77024
35405 50206
45004 87675
2236 99371
8034 87400
20333 64028
1405 56624
53182 66846
18970 29806
20603 45310
70219 94540
60857 75143
17424 76252
1755 48644
8437 52640
83331 94931
35772 82981
24100 70150
9458 14790
53593 62350
29773 30344
60143 64737
24558 35206
26644 93791
23214 80162
15013 26657
14522 42884
21814 78588
12347 22123
31271 65339
30767 94794
12296 88708
64691 68496
25919 31610
38 44156
22559 91640
49941 64804
47860 80263
13201 82780
34968 91657
24365 46698
45816 70082
37466 64194
11347 23232
17272 29202
46871 98986
3525 98949
54526 73777
64925 92585
55215 55273
37452 83761
16170 19552
37646 94104
38589 48265
39940 58094
83359 94167
54742 81275
19360 68811
13292 77707
20241 62644
14636 91144
42630 69970
12464 30270
23501 57151
21067 89073
70203 79363
77201 88548
18088 46629
13426 85380
2990 17529
81902 98106
14533 46178
13744 15433
68900 79704
17730 35124
73854 75503
20084 89682
44686 51767
24190 45472
26029 47356
39932 72896
28326 34912
5364 41893
15840 75276
35451 49794
61186 63097
60553 94735
46582 68347
64816 95906
21660 46069
66481 72319
29278 68080
32086 43050
5086 6817
56458 88786
16981 19738
10865 74946
50188 74721
2890 95278
57762 80136
20962 75988
8703 9433
14407 34286
17532 85116
54203 57178
23841 72731
2360 52799
16763 59622
37423 43300
83260 89939
3235 72001
43280 69575
20714 23644
39721 84283
11034 48520
26095 90886
14874 22096
13674 27849
13339 94101
28052 33592
13690 27481
83785 90018
1142 65432
20810 37606
40599 48183
29634 33179
49231 87838
76084 86088
48199 64254
26107 27538
5640 42961
44052 51606
9010 71413
13450 20826
70831 70985
56380 66855
6008 87463
55295 77128
18103 81172
33334 41817
1054 47258
18072 67930
19809 72342
7502 79826
58308 75978
32443 96408
7604 83707
7618 27378
27451 80462
5052 74780
34827 58584
53863 99987
4226 51441
59090 93292
2006 92701
6173 7700
13525 13930
8213 27483
66484 99486
27633 95740
13692 64814
23793 52867
52665 91304
2264 56494
11794 74447
65083 93813
19618 70481
37605 58144
2113 85655
12900 94481
72311 96623
30304 51122
72301 98052
64548 77263
19465 59723
38612 87814
36819 63805
54982 86357
50497 63486
67331 83715
28477 93521
96021 96319
2759 98553
63226 85138
8298 50884
7654 90520
38269 60950
25694 61118
17937 42116
10534 79986
40501 63992
5040 88050
50957 86263
4131 89972
11088 94133
21673 77523
25127 72045
34964 93510
1076 54222
65619 98449
34936 62768
71566 82349
61946 75600
69956 96535
14630 85190
67620 76373
26925 62064
4859 63738
21457 34067
38893 73257
33150 60856
13950 49739
76995 91003
78167 95777
3918 62222
22067 54620
22682 34804
10965 45357
27109 93420
14028 98945
21081 85215
2370 62723
59495 94255
65847 92569
26442 80986
11927 20264
6043 49836
10275 65728
48324 65717
23900 49015
56037 66187
27058 97660
71848 74964
11902 96838
43341 54508
3149 6874
30695 33585
11975 44968
59512 65589
19624 97480
34725 62447
15952 40006
24713 58140
45979 74754
25281 52098
17498 95989
13990 94072
78657 98599
29048 63688
53173 56227
23366 96533
51040 63324
50244 83961
53369 90979
47484 95592
14499 79472
33621 66226
5274 94224
21457 63577
54114 99238
30711 32215
50876 78734
33611 51987
44630 74399
18027 78904
54083 94769
6257 72124
34692 59458
8508 9740
10497 58575
45378 93076
12184 96772
69390 86301
8016 74773
66007 95982
29238 76502
52759 84916
90501 98382
73790 73917
9563 52632
5907 65018
21867 41878
42143 66696
2428 30268
56578 74006
49212 74434
12187 56882
7191 21232
17710 54923
261 58460
43376 55375
35736 84177
88297 98221
11113 37492
39692 45482
1640 95038
15402 92550
64309 95216
43470 99152
28447 96060
14942 83366
246 31490
19441 51910
10537 99172
54546 88897
11539 98761
92541 96461
54612 99047
4687 83423
17797 20564
9935 26004
16271 22345
19924 36936
24965 39021
9377 16027
43750 58638
6656 10285
2664 84298
46379 81390
1091 93154
75234 91873
8725 92112
11080 78119
20066 45546
5251 17049
66813 88289
60304 99828
39095 79352
31341 82306
18897 58484
13306 51657
42101 88652
39512 69618
49469 65837
35708 61947
12552 15356
36883 88435
18410 75065
15992 92429
82020 99129
64955 97251
2850 36446
1894 64741
25855 63903
465 46877
2263 74558
56834 95414
3070 99833
39 14139
50115 61475
37719 63785
65677 94368
25886 85889
8129 46962
4474 36812
36232 93575
78030 81377
29491 43345
86184 97137
34347 74538
43813 91258
42246 65717
13465 28794
25327 38284
59434 82517
74226 85009
13470 41582
45245 73830
54303 63964
23520 90054
57695 76824
25328 71441
77579 85335
15944 67739
83652 83790
93158 98934
17334 92886
6769 32555
2907 33472
90970 96982
10663 19078
38973 55621
60184 72286
10284 68571
5901 75412
11213 78447
61560 65014
23269 84979
1718 98799
26071 65908
56384 93395
6747 49181
625 38584
72817 73365
6956 70222
16885 97365
28753 65561
26305 71645
31104 69914
46986 82564
79180 98566
83248 98396
53973 75353
86486 96492
28584 33868
55065 99978
46187 94518
27088 27924
23608 26286
42019 68216
21506 35129
36366 89112
3897 8868
68048 98291
55445 89301
39959 88986
64335 71355
36574 45376
12363 15606
12233 30227
3337 56015
34988 56658
69718 97990
48968 57821
71393 86847
31152 88422
33172 94872
19160 85143
48142 51148
42147 78656
69321 87029
43342 80614
14163 70010
16876 78420
3301 89997
60715 80369
47009 50529
43366 95300
17248 55219
24214 30904
15349 65984
63078 77169
9816 53863
58814 82947
9438 98671
63420 99209
67472 78533
36506 54783
16084 35730
92220 99501
33355 56801
36248 44745
16440 27801
11730 36905
19385 33386
29046 57940
31530 70998
64106 72479
60150 68609
18589 45526
12583 32192
45086 71874
34829 81685
33556 66109
12350 40707
69306 87724
19396 55695
24876 68766
30429 73947
8886 31436
32148 56910
44506 81351
63345 76176
18502 48896
7360 48587
637 46182
14060 84567
45889 92765
4740 71536
34992 65626
68878 78644
82876 89960
74888 84613
74538 87043
26015 44813
34427 50320
6817 41283
27539 30741
38326 71148
5959 73681
29107 68901
8652 45386
37489 68651
49503 99340
38399 99833
2107 16349
27389 77588
9376 59445
64474 65866
78036 96762
60709 93390
17681 29650
1224 21432
17406 63425
17369 80453
91350 96950
12038 78088
30698 69966
68287 79673
28317 91166
20040 83924
48539 93500
85722 99093
55723 86652
90701 98971
90861 94953
9593 31829
30246 48244
70993 72415
51612 56087
74677 79323
50840 83770
51359 56187
26177 59204
18023 72605
2818 70211
4869 59334
56535 81426
5776 7096
9869 48157
15129 84979
31886 59931
79193 85822
53934 87279
8509 33734
88890 90025
74367 99579
34338 54620
28872 66642
54816 70323
50776 74515
73448 82863
46485 76408
38728 71044
5757 85582
23553 34014
80861 95885
2360 96685
48366 81486
1009 29468
57319 70120
37141 39660
47533 58384
60634 90212
58753 94304
46423 71856
523 90721
9696 47796
56065 56227
60583 64889
9614 79615
4925 47988
17503 65963
8040 51139
50591 59939
11308 22479
18336 38519
54784 88193
18274 82655
26224 73213
39296 43509
10158 91389
25750 93388
2830 94010
43308 99731
45968 82423
11743 81960
68304 95068
3572 48173
2068 7034
6101 18051
65225 98964
44494 48337
27108 65468
17777 27904
74260 95983
10993 36927
48315 79582
13571 82318
16388 18597
47582 62067
15034 97299
25538 45650
16094 78147
5560 71125
18014 42567
66234 82605
51002 84684
48316 55563
49673 73597
23952 43018
20697 66417
28527 36510
58914 88284
34075 86541
69486 77566
9236 90637
40706 71662
1409 90069
25086 28493
40498 48163
39795 46193
6103 91049
14439 52578
11331 66804
27589 75978
6596 42435
24035 99509
70307 93835
28660 52855
12981 28049
70368 81263
22997 66507
21444 71083
2928 25135
32540 51208
35206 61548
30909 49351
29615 68338
8475 89044
13106 53147
11706 54871
49423 52938
2127 62265
53425 64965
25899 81053
10643 71658
23497 49410
21682 46112
24690 38176
1656 17033
12113 66209
35666 40300
22358 39027
60725 94719
70134 80697
49944 62375
70174 77279
8545 22764
49066 53686
31559 74870
18195 45464
43178 68104
45503 79033
19391 92215
54973 71182
8110 55561
37233 95594
4860 31883
12864 64357
12237 26754
76454 95430
33895 45069
32703 61850
27755 88638
54786 90266
38378 93685
52659 59418
25423 89029
8218 61697
56523 84184
38838 46949
58730 83717
11265 79500
3749 82597
17002 52241
37328 98241
36488 49227
87 11886
50786 76544
70164 99434
62133 76350
43156 61182
3484 11908
14491 74292
11133 67165
60704 82962
42468 57514
3708 39663
90201 96813
1259 80151
89668 99703
51782 90333
21516 32628
18675 75620
24424 72986
2038 45070
54608 72849
29563 48550
37826 86828
13586 70655
59056 74675
36080 97676
67403 88870
44934 93618
50203 70508
89592 94731
65593 78533
10352 92932
82180 94751
36888 62541
45320 63380
50979 70415
20658 22476
1059 14311
32593 84972
60485 62602
25552 54714
312 75599
17480 94031
33792 94182
2816 52689
68104 93874
29536 88846
29457 35665
26230 33103
62704 66097
15905 34468
28184 33461
21770 81031
6420 35715
64733 93430
55304 67298
36878 65771
32919 63243
15648 54786
42183 62698
30303 59402
69373 96974
54255 55145
14186 86618
38214 41290
37716 86964
48014 82416
7960 44730
17979 77666
38066 87326
1848 40611
5786 93713
29388 50387
34613 86512
15944 77244
23239 50815
41005 99801
4732 75038
16559 65943
52676 74043
18481 21278
44596 98053
21560 75893
84013 86249
6126 16389
193 26537
71673 72937
34325 86765
24377 32535
6289 73959
54310 55856
12410 40517
17237 20318
53659 57952
5645 39205
58293 90473
39142 89581
8734 63253
44054 57504
49954 58474
15869 67752
71503 77527
66638 77981
33655 95275
61520 77842
68237 88224
20380 22172
49185 98505
2816 46872
10238 44639
61716 67331
20183 23416
20469 73203
1746 9469
22600 85463
31374 74040
57986 93718
43002 63011
22896 53070
9697 30851
57848 78231
654 17135
39037 98752
44632 85617
44186 71849
46665 54742
94250 96512
21526 99567
46088 74145
16037 34833
34221 38902
22804 78625
18236 89326
13821 23972
63294 71424
18804 23875
60150 69916
7168 80236
40529 95815
46269 79925
27460 61322
9723 26970
18991 37571
22023 84168
31775 48056
50874 93315
14685 93728
38912 45228
23999 94925
8003 90530
46268 68154
22800 77965
32925 47767
17605 40787
54986 99051
46956 50628
2785 57778
21821 66590
17350 92591
34299 44782
43274 65818
31217 45612
38318 65909
81941 93758
12372 22299
14602 88777
7120 35697
43568 48425
23011 64306
16788 24958
35568 78953
74143 74234
10732 38825
48786 65205
29079 60565
74453 82804
710 88831
19191 47941
5179 65113
7396 97855
93603 97545
7530 19123
4358 60623
8637 21188
30778 80969
46412 84153
6291 48930
52379 70173
60760 79955
64918 76895
21887 34364
76890 83606
6817 89304
10897 25425
61164 93717
13905 57918
2965 22884
16057 92618
17791 57178
34412 36906
47153 66600
5012 56121
63771 72313
73275 92464
53594 90143
10888 96026
23783 82164
51366 69172
7958 37039
82866 90729
78602 99294
42221 59425
30921 48907
10050 82935
4880 43320
768 60261
50730 84872
1802 26747
78335 88486
64366 75955
20207 55994
73342 90412
33947 51294
514 3011
1025 88813
9164 97166
59451 79822
2679 46302
2171 5617
53743 93789
34502 80715
70651 85251
38014 39025
9297 67326
27630 33373
31216 75922
73090 91538
62879 92989
26561 63307
31599 81175
23235 67225
24198 38959
22392 99646
22176 33397
59179 68288
50026 57824
99633 99685
9494 53409
27768 94963
25591 39967
26276 36101
7846 56053
42308 64439
9697 44202
39583 86127
33145 42019
25099 94012
21745 49500
4043 34914
9206 51734
26840 50409
48221 85193
14893 29868
67766 86265
1711 12510
76482 95967
36007 38597
40104 76905
16569 96121
57075 57481
79917 99482
57024 82544
4076 44390
56127 90743
10490 64410
46688 58205
5368 15207
42667 79157
1837 38201
4551 46581
55661 90638
33656 36285
74917 86730
57635 84481
60841 70515
56016 94450
36108 36353
10897 35696
70058 72011
56872 99043
36775 60536
4887 38494
45416 69494
41065 78912
13369 57175
21345 99590
17716 30383
49042 50357
15936 61459
6847 57325
21427 49865
22495 31376
10769 39304
3428 76022
80716 85849
20673 82247
13922 61867
4790 86175
17165 48054
66900 84227
41 60363
49298 86419
56069 71746
3320 71207
4040 48623
39978 43759
16102 44260
35955 50051
54584 87686
56604 61845
73198 84544
23533 54009
9847 94151
35104 90274
5141 72512
39966 80467
7653 28540
11099 46762
53323 75476
77657 82820
6081 9650
33730 58979
22454 39923
7233 78211
15755 72062
27252 47748
26796 80768
21438 82770
10933 39485
39650 70269
39877 48312
40497 69088
83585 97520
6575 20034
39413 69535
21653 38169
41113 70664
3281 33293
26684 72018
9009 25293
59898 78506
26842 68138
5442 21878
32579 43784
36622 79064
51866 57216
44202 50833
3395 28748
69157 93770
14117 52966
85219 88516
14068 48528
19009 92775
31037 92190
38339 58944
64015 89598
36830 49362
33269 90163
69858 78396
43777 44443
18640 19522
11955 43269
14229 25635
60009 66288
38654 72986
21471 88748
82590 97759
54118 81020
49741 97256
50154 81291
8430 16795
60339 98907
3776 99292
36627 50490
70002 88503
34689 48876
19479 36334
74155 93706
44507 69658
16087 64375
16422 96924
29334 33601
38428 59481
42517 59152
31606 56074
78806 84994
36392 51797
12271 93906
14216 81887
66703 67146
1801 53761
66679 92780
8951 51180
16325 88791
76348 89468
5268 98495
71312 96035
73818 91573
6679 15862
53154 98337
24695 95853
34562 81741
27592 76501
10521 49917
72254 91921
4617 76070
83068 91151
22797 32925
60117 98321
18216 24893
35065 53889
27330 45143
6519 11783
23374 78844
25943 76138
71514 99215
27832 87698
28022 98199
35927 80108
28027 76437
32616 91861
27076 90190
72187 81547
28367 55053
82035 91300
5994 80181
47378 88175
34937 52420
78475 82591
73217 94258
19156 84740
47908 93857
47589 69847
75143 92239
80239 99936
44828 95659
8094 36447
48068 73939
74546 95824
11911 75453
48132 83960
10024 68043
53845 98649
64408 82867
78751 86375
12074 93391
32444 81957
19130 71685
70260 86739
7501 90355
18265 77769
1327 5814
49385 87035
65152 75322
14748 53635
48044 99792
22871 91378
6920 73658
62712 99028
75368 89153
22 58976
51201 57748
31973 97715
72916 73670
31993 46759
10683 76116
11743 40585
93016 99336
78304 96787
60130 92548
10973 52235
11826 88283
1842 17127
37179 89553
86558 97858
71123 81875
2107 70266
63850 92350
65005 87419
42814 86468
62621 96274
47178 74604
72912 80456
80127 97689
12645 78276
68077 77109
921 44040
28588 54523
56624 65987
32992 55135
510 4110
16592 49036
80302 99969
82276 88968
63400 72393
35338 55432
24193 64514
1931 16056
70149 72402
23940 71863
4291 62614
20544 99084
24963 91511
58752 82016
48017 97830
79646 99410
58847 82079
81451 81685
32094 98424
10262 48966
803 39940
51735 66825
51966 53505
73655 94599
17329 61206
3031 74079
54859 92002
8801 82512
16645 39702
63563 92141
20823 81787
14901 46550
24886 97392
1315 69115
44662 79258
30095 44089
27910 60362
6701 10297
21150 33042
5485 6623
10673 74743
71414 99105
2012 83381
41958 95316
5602 70566
59178 64339
46730 75383
35676 61280
40991 71661
62003 71955
14924 35260
3565 38827
10670 12433
15780 80421
86995 91953
47559 51367
48882 73148
87394 95680
69679 81671
78317 95818
43313 48265
4913 50543
1724 98374
29951 75606
87001 87213
19652 46471
25339 93439
22378 61895
53431 58729
32686 54004
6743 25606
6583 91367
811 21783
51364 72244
4064 69405
25023 31922
1364 74810
914 41077
31640 57364
25213 26863
10645 35091
70292 99189
42888 69319
34271 36664
3363 68713
2548 28876
32513 34328
46259 90785
21535 97255
1648 76377
41036 46555
87001 88443
45110 55279
13035 16133
29340 35355
11344 66764
11399 12257
7849 31104
23024 52625
4461 82408
18459 60396
37890 83668
42230 60804
66901 88152
5755 40706
20573 45138
43341 99956
20528 21947
3574 17472
49361 84945
1118 72272
43860 83995
11702 21055
3744 89451
87339 97746
136 19909
71158 98905
44387 73101
12607 77398
4707 79492
29110 64540
55980 78736
64641 99129
60300 68864
21631 92337
21637 96714
53153 89417
56392 57598
88432 98957
83368 92933
59465 79158
25177 98242
17750 68486
32590 70278
14424 72039
16857 46659
3166 16256
65692 76814
32147 61217
13676 31155
28023 44621
19049 66449
24558 69424
3285 68719
84947 96783
11417 19714
7799 49276
4020 31773
46012 54886
59257 70438
70046 76280
16028 41803
49409 72645
40361 96449
3610 35699
64491 98934
21586 41633
95065 96669
32108 95536
57597 79946
21099 32123
11254 75190
5678 72426
49750 55349
8089 92763
3307 22546
15073 66210
39540 81927
32307 55051
12387 90104
17616 63379
56120 64872
17005 63746
7917 33929
54424 69467
35354 47450
28476 59614
25105 61313
7524 65355
24257 35188
74360 95216
52082 68769
3843 73059
33598 77263
16576 68072
7819 53694
16184 21221
20783 65951
29788 93516
750 34563
37936 80365
8778 90668
19163 19432
59776 77489
3020 67487
20560 58239
44731 62195
22147 71434
17393 38424
17581 92231
38741 97402
54461 87930
9015 96251
2276 59425
51788 56162
11000 15998
17243 36003
72666 91176
54385 62901
74240 87155
29651 95762
2699 69163
21356 24729
17844 97535
88299 99696
12447 89763
54328 94611
50674 95303
38949 68087
6883 73120
71119 96270
43038 70432
79235 98559
24622 62050
61237 96408
36975 71186
26002 99337
43564 85827
36039 48171
53847 55786
18198 86487
76133 97210
27379 36939
32010 72266
14047 94289
56347 83793
39970 88965
19714 32252
23432 54390
18238 66300
68221 72392
62473 94802
36765 56950
42515 54888
19026 38831
16808 55483
99837 99841
13994 25349
73703 80516
14011 48669
22248 91996
40154 66802
75138 81706
5257 49986
54956 55648
5055 69197
62248 98237
58030 76050
48761 69461
1323 68448
25399 79321
34631 89560
51328 65167
17528 72674
27341 63595
10354 63242
20687 27449
68133 87911
34570 49579
91318 92033
27891 50268
5867 21277
25286 59807
15875 57895
37128 89248
32577 55882
38369 89942
14969 30642
55194 58398
27566 68300
20468 55486
43789 59791
48509 83942
11109 77840
42279 56563
9323 18962
54674 70116
25312 62488
6458 92204
52492 59138
34994 52219
21941 94848
6958 94958
26518 65131
77262 90154
53847 95439
25046 92595
57404 90201
19297 82027
17875 22043
22163 50663
39847 55720
35467 94392
13566 45248
18513 71573
47142 61278
1294 11304
25519 66432
20947 52449
10782 10884
13780 69411
41610 46465
7364 30440
27429 45228
53653 60073
13532 30250
31776 78636
60989 70118
45411 55661
1730 30306
22536 25314
59329 94182
3215 70722
11245 19506
18940 21197
4029 94242
66478 90621
69083 72896
3704 51586
61427 77954
73274 82352
36836 66271
15154 61984
40181 43047
22436 79812
27967 50127
17153 86029
75416 91054
57471 76643
60587 71878
60399 67437
17363 73685
42007 82215
3434 61803
76129 89812
15265 45549
38269 55193
27074 96041
43693 76270
89846 90472
46083 49854
27877 79339
62134 85214
63640 71894
87474 87501
14775 52016
22391 65798
18145 68011
9056 18668
28328 35123
56012 79193
25647 51723
81566 90341
8558 54913
39447 99810
22358 69819
15385 36911
1947 89400
74930 98640
70365 77938
59878 70338
1923 87420
23577 29580
55566 81822
54064 60847
9997 72830
53516 88322
57378 57747
51201 53942
12863 66237
19818 43608
77794 93266
10586 56997
19938 83743
9460 83530
63269 81924
64872 92788
3720 17508
27051 72433
40810 81159
37085 55733
22423 45561
23801 26690
8907 70785
31645 96799
26266 67743
80581 82326
9199 49878
25582 96016
4830 37629
