num pairs: 1000, min val: 1, max val: 99999
25287 84640
11443 41718
20365 85295
42501 45092
54235 62392
53923 59719
41327 55119
36244 47828
14550 65204
29936 50428
69481 97882
13070 72782
7944 52135
25832 50146
37360 61473
691 66826
3296 96149
28653 76487
3730 67232
20297 39123
62559 96365
54850 67194
18537 49216
25125 42070
48195 61353
750 80381
3027 35867
16225 69780
38587 92491
18901 99172
27210 59674
25883 71791
52166 61303
9428 58269
17319 86591
90191 91579
69906 76687
54467 55991
75826 90161
54819 93032
26233 74121
19378 84691
31897 96226
59963 70346
36994 65411
5402 75909
2910 55845
30945 56319
9791 51495
48182 94343
7489 59408
2450 74133
13359 47182
2374 8688
12633 72724
42232 42253
33548 90051
38070 77555
47690 65921
24266 34934
68514 91912
33564 86829
70896 76219
26336 75399
32849 38476
40307 88302
21111 35724
12356 72947
24196 31155
31984 59237
70224 89821
77423 80390
33110 73405
10705 33727
61834 94279
15012 78773
776 43706
39123 82070
13461 46983
30518 40547
1522 67822
22853 81901
6132 41588
63206 95247
68746 68845
34057 56206
18254 48469
11458 29749
6607 54270
34895 77371
33130 66943
29515 31147
59105 97469
32222 63541
63250 70639
64066 97128
3001 94787
83704 99245
27611 98024
24790 82559
50419 97098
2961 83465
19800 98842
72614 92150
56787 89532
38247 89089
66837 99549
8833 34495
75093 97170
2602 64922
11179 61870
51557 92193
69112 71459
8102 67256
54826 64091
63826 64422
14239 50374
36126 91213
82413 93560
11725 33742
21349 52549
28150 69452
39415 63854
8941 47651
7999 88560
44871 83964
23440 91569
4109 24547
45385 54621
2674 3527
17759 78657
5561 36580
47702 50241
5214 64198
13307 25225
22435 48346
54666 58653
21588 72083
24202 54602
45426 74506
49383 91126
44839 89575
11839 98158
22783 97336
16463 86902
89 20949
6612 60975
40625 58409
24808 88772
42478 58019
36532 70582
38701 57996
42097 50614
12142 85523
694 40966
68722 89750
17155 41253
24344 28241
54759 86041
44996 49391
21468 54627
5786 19874
11376 33001
52592 86062
25923 69476
23360 60270
9315 58360
155 74603
27197 88153
15010 39103
84575 93842
27152 31083
57817 65682
72906 91683
22208 32231
56088 56909
42474 71234
17588 48821
38718 72505
19700 30301
4732 50044
4427 17915
63662 91897
33233 69699
735 29492
15571 62867
4018 74512
37007 66458
3459 74501
39795 64359
53784 69618
47655 62667
37512 61501
22509 48400
61347 64854
11888 88125
7905 85664
19100 91522
26401 44307
33949 72273
15385 94208
17307 93054
30499 41595
29652 40517
8764 87116
62963 71321
36735 46541
4816 72596
48247 96643
7490 39716
68863 85530
41306 82369
13341 74616
20358 75432
42126 94860
65471 76635
1427 50990
55368 55754
29842 79131
50924 79900
30939 58863
764 15940
5665 90235
7531 99203
52748 62973
11848 76425
70158 76353
10234 92617
392 37790
85926 87512
10523 65512
50637 58495
27621 61629
49228 90564
602 27101
48859 91106
29869 31491
56093 75993
67586 78514
2707 62859
28468 91525
1857 6625
6695 46140
49457 91617
27616 71050
36449 58340
5988 85377
3612 80928
31204 93567
19869 77257
29498 51455
2534 13971
24057 47334
31864 74652
66234 76329
10798 64311
85151 90163
30892 46110
30673 96357
37844 67052
48736 54878
60895 76988
15373 46437
23899 58451
12428 34964
60603 74579
28715 90638
43150 44560
8874 33488
712 38085
37670 63605
30347 94797
39124 87062
31881 55326
54634 64426
40375 91988
36745 80086
94773 98387
7749 42364
6848 81441
13684 93311
15637 67782
33536 41126
11557 54824
54620 56023
14408 96091
9754 23945
12225 13238
12118 81713
70842 93078
31962 68645
20019 69026
58425 80291
567 59641
2826 4988
9805 60835
11934 99626
7370 35086
29012 61704
5388 89344
41805 81140
48456 83509
42497 81234
5077 35962
9164 96774
22307 85016
64163 92188
52194 72220
55619 68124
28288 41148
69760 99697
11786 49332
278 58901
3341 51601
55574 75903
17175 98071
46534 70300
184 28176
75279 84913
3814 94717
36266 87758
1498 8361
37129 43300
8967 22594
13561 96794
18946 34711
83625 92391
9564 53937
10602 15189
34986 77237
5912 30562
85095 91965
1200 76441
20235 36760
43839 62768
45785 59991
13322 15141
59764 63217
21406 93515
17884 65392
3175 59140
32740 98340
36785 40241
1705 14621
23696 70677
28390 56966
66306 66974
1730 70962
72878 90691
45129 48683
5288 79432
2236 6965
14825 43332
1286 23342
22362 57619
1237 68151
29816 43453
846 36478
1249 83150
17119 62223
16935 27961
50179 92228
60792 75628
13693 72657
25592 85060
57195 90348
65084 94550
68853 89392
21400 33359
5419 8905
32411 62832
17124 92074
14522 43875
17736 46582
38170 76357
47137 77087
28539 67929
3212 19030
23406 71875
14991 45681
2462 25717
19591 35381
33144 98962
98627 99680
21122 80222
54089 67950
42529 59501
23162 73537
41477 71556
56291 60803
81315 86465
26161 55983
11345 13301
2011 61659
29032 60539
61996 99638
13792 84408
57462 78416
27850 51295
41787 50740
31219 96382
44026 55072
25474 26360
18625 25078
52718 67551
42756 46555
22992 91011
22933 58335
55587 71915
15820 66905
27002 75043
49822 69018
51835 99023
47820 75927
55223 73614
44072 75058
81742 90395
20820 69235
26914 56370
34388 77863
66270 81892
83821 94946
19221 49767
60176 66182
10198 79969
88891 99781
36306 87350
22829 24754
1716 42900
26866 46819
7368 59197
14527 80057
12195 82063
69273 98259
52278 66231
22417 24516
29399 99328
58963 76641
37412 65150
91044 99649
45663 47902
61603 78194
43387 54560
47123 51248
71220 83143
17065 49507
61241 77480
2973 93883
16721 28439
35658 45659
29464 44123
6692 17678
12341 15499
33140 44037
30393 60984
10153 56711
34563 95660
3848 8100
55363 85142
13768 66960
18230 59682
32087 99358
22164 54917
25868 75310
21140 95260
69807 87228
1953 14668
40104 62021
543 41310
29714 75287
41845 78856
39088 78463
56039 75758
59294 78787
37644 92820
44267 46079
34230 65599
29032 70570
22354 34785
3876 50868
8302 84489
62062 69265
25936 28267
2601 56186
45208 76004
6805 93611
51863 85551
20081 36927
35376 53349
79042 92900
15902 58006
1685 71667
24120 74034
15690 81228
48860 85230
40331 82179
43180 93805
59277 64547
24989 76996
17023 28484
9033 97009
16885 19933
32054 37249
4863 67178
19516 42641
50484 98288
24191 24676
17373 59346
48657 51800
83747 96567
46727 79214
722 96608
5199 11766
16731 78295
94127 99182
41320 45735
26681 39045
15308 37557
3326 39340
56822 59993
29933 35482
27009 30249
39514 67385
63297 67637
35225 43692
3567 32644
71488 81248
24846 52186
5697 66412
21687 31516
17238 25407
38397 45429
28241 79382
74981 92083
50012 86653
62227 99050
1350 16269
5626 49044
49680 75363
6825 72369
33084 75207
53269 71823
50211 98408
20558 55859
17722 41217
30880 94817
12139 76236
29322 67241
90624 94373
38503 42602
92370 94704
799 25708
40707 51554
82719 86814
65786 65965
74262 83407
25772 70129
15728 29997
6783 19376
67857 75267
28772 44559
12640 76000
25022 48745
72798 73483
56149 70277
83345 93858
2988 23090
16084 68800
18772 28901
4751 66207
1606 83632
83507 94893
71826 93330
39846 71606
33309 88733
15424 59192
61126 90914
49213 79421
19159 28073
6556 93911
13395 88112
1289 62913
55471 59431
31879 40506
29915 91016
27653 45075
95210 98904
27515 28680
56462 76905
75559 94933
1678 97559
78836 86602
52153 98704
22767 27756
2566 31927
35742 98267
40352 88908
56686 72329
20781 58902
9535 80108
32922 49527
81834 90294
48457 75372
18101 88077
27679 78107
27717 88568
24210 52365
962 51507
28282 88875
54996 75347
16591 59693
37032 37979
30119 45244
1834 83910
31822 49064
2950 6198
8155 62115
2508 11763
50324 77843
78779 94528
75835 95654
12277 28203
3526 47934
74230 86680
2179 62581
8332 75837
9364 71737
5039 10440
11358 63652
91469 98445
77295 83632
41510 43239
10732 44243
34771 79764
11113 59501
18062 37089
12156 60518
12108 24102
53531 56565
62690 84317
63186 82362
41406 59405
21808 41409
18857 68632
27760 65610
37627 71356
62450 68052
3586 25863
20204 82507
18668 85883
2751 67028
56372 79194
30375 80444
74831 89156
51854 70248
9588 84525
55738 71648
60246 89262
10827 20339
51998 88696
72911 73840
73305 74894
75471 87377
7127 25682
6352 94972
17552 99608
17833 78380
45066 58464
24317 95042
22009 63645
812 43986
30608 93547
24427 80143
78554 90563
4751 92730
13726 26797
79628 90459
3319 49773
3761 77177
34120 55653
16627 86287
2637 70976
27953 29719
43051 68472
15432 97669
30182 97574
4629 9029
57796 59270
27922 32878
10694 40211
27734 97727
10657 75614
11885 68300
33272 84908
57575 89499
1265 99143
44405 96093
45646 55020
27441 50182
373 38277
29796 71645
11493 80514
82430 84044
2781 12487
18425 95809
8294 77164
56284 60445
7119 83238
40942 57787
13297 92032
6298 60598
16449 96813
22667 47464
4500 90472
7970 28409
27856 99201
4041 16667
49453 91907
60445 92805
13853 44218
26135 47591
35346 97741
6832 94819
44703 57471
22844 23696
70900 79840
63511 68368
55919 79062
57031 84065
44482 64004
61905 69615
9162 27444
34915 60904
37777 39664
26781 91309
5848 20397
26228 82653
34311 70662
83840 89401
42508 74859
1044 53755
33453 62617
13050 24965
93082 93255
21866 53627
48883 76080
47989 58403
4166 69356
21988 25546
48170 70852
33553 62356
20894 48928
52365 95552
7376 25048
29644 32719
51974 94261
55421 91721
28971 81677
13269 99761
34256 89435
216 66732
22618 30276
33907 77827
32262 72747
67141 85912
54018 94350
42409 87927
14640 63649
17920 65289
65312 76723
49761 96497
31406 73063
62700 73658
12890 98034
17273 80769
1753 78648
51699 52298
43849 55974
16831 55102
27151 68838
4245 12211
46931 46940
39681 54849
41492 78440
7651 82240
1379 62664
88863 98033
57411 93347
63918 75650
63919 73472
1568 18491
14189 82663
32925 59925
55304 72834
19223 95216
6645 38567
53545 92157
86801 87292
8921 19949
1763 37503
9310 11987
74723 86893
22120 75821
5997 38237
17203 49890
32234 87254
24741 74142
65371 99053
44067 88823
11141 52263
51425 83219
17166 54502
26241 36990
68544 95475
8168 32600
49302 82322
55518 89091
61989 68283
44286 53665
63849 89099
21866 61650
26249 42547
2098 78615
3776 32683
22606 35654
24692 68503
55848 99446
83406 88267
10157 78326
32643 69003
26542 51323
4483 20764
8701 34577
1549 34385
2670 87363
32338 44226
1644 77896
35903 62358
22350 32897
56859 70832
36743 90998
16997 42931
95282 95816
46223 73124
3533 42179
4392 21663
59756 66667
21255 90040
10985 86095
21077 86581
32144 49137
28950 77714
24452 29888
38979 94866
27488 89024
12211 53980
759 96914
28670 43491
16624 58067
47347 72721
5590 38890
31413 49430
11997 63562
23724 94983
8321 42697
66116 86772
20272 78431
47137 69329
69417 88873
57032 75762
41215 53060
38886 91438
7401 91029
64855 92062
67184 91536
77673 98631
18011 43977
3995 84753
30671 94361
36568 55300
67992 76758
31547 64232
25623 32217
23607 41895
54473 81034
96425 98291
6989 17430
5015 20364
33594 53692
12191 26329
10302 95661
15494 39839
147 85707
34978 44722
65140 76655
33757 47464
46495 52903
28206 31421
3500 22620
13184 21506
22833 82985
10503 56946
95182 97018
40193 47219
3252 42399
46537 73218
29814 58406
70374 72859
31314 41471
79989 92182
74669 94737
60040 86224
45135 74875
34726 35219
52916 89947
22928 85652
37220 82561
23566 70010
83909 98313
20515 55032
44647 91280
22517 28742
28128 53105
33434 54663
47594 66544
9168 20141
95419 96471
6066 31459
18060 46156
38808 51501
49769 71909
22077 76582
21837 77685
28686 56761
22822 42269
28809 64511
36237 94112
52912 85215
49916 52743
23372 65157
35375 77384
61599 89183
25044 49308
97190 97925
30502 91984
10545 50247
30173 71817
90406 93417
49593 67288
32571 58590
1912 7336
35926 48702
42081 56289
14635 54706
55513 87414
9803 72559
34135 48362
56607 81555
36989 57523
6296 63590
14332 58648
10644 65020
13313 57562
21667 57842
5409 72762
10481 37196
86344 99314
43970 60734
1562 59063
78363 90827
1055 98566
18201 26255
25075 57848
18587 38704
66850 81743
58666 78363
15245 19365
58808 74915
40720 91133
27061 80921
31903 74890
1775 81417
46647 53612
59554 77837
17465 17985
12071 62319
37509 65461
19088 78984
2010 57305
16832 42650
4687 59850
24642 80546
19064 32275
35574 47318
8641 88948
68883 79533
18497 92320
93425 95616
21013 27906
21592 87645
