num pairs: 1000, min val: 1, max val: 200000
2309 22692
120827 171245
186895 188596
42253 156993
46796 55476
14902 67789
65698 94487
837 47756
31143 118120
52272 154559
127341 148864
16820 17547
16186 184438
166544 186733
151719 152098
146134 150664
91672 171602
181282 192996
111981 148426
42582 132723
4109 93235
142435 182783
10400 103145
67311 82796
111036 143345
49875 77448
13319 121592
19872 28571
97655 143859
39695 92994
95507 137882
133553 188716
34660 136013
90412 122415
121317 151233
170032 194431
88334 95386
123842 143762
45067 135551
107542 123488
79282 169533
116734 194712
26645 181922
178718 181562
5106 27986
82440 147840
24667 61475
80563 92973
80388 180063
66311 190945
191618 194813
145587 182996
180672 198789
79325 170686
185141 197956
31712 82440
35390 103812
39427 161474
102367 122260
128741 168431
3003 162587
72376 131605
13612 80110
33668 146670
14326 47929
1898 16270
26314 189473
64713 91238
24761 101146
108550 194079
107013 143093
14786 138419
7192 78618
166252 174052
123055 127793
54309 179382
89361 132383
25333 85557
82120 134551
133777 177617
26800 196910
60558 161026
121997 190127
61093 138747
21582 195273
84707 104493
77025 176362
8109 23705
19818 20189
23906 35051
122669 163222
16931 157567
44864 163687
83519 119620
3922 20725
52246 115214
112581 172819
146907 193758
119613 138358
57022 68377
66236 80873
20025 97026
38212 152532
38204 56008
46571 48040
17692 69054
101323 103914
76118 159253
13419 15998
107831 117683
96937 132752
105160 141375
22278 187559
60726 89819
5360 115193
2814 21760
11154 117375
2830 105144
77765 101492
9718 76004
63420 168133
85215 143475
23159 83431
78499 160928
108277 172791
54179 71624
103238 134798
43844 186918
2929 61427
11686 78192
54271 183644
25888 64125
93576 193759
26417 120835
19248 141305
20190 26637
26549 50202
148276 189161
174866 187153
39998 111191
103065 124853
135594 181492
59144 123470
40541 148189
46654 80255
150055 151883
74138 158270
41686 143777
29220 185559
47027 125023
120660 142706
47089 199729
68615 122516
160658 165694
52843 131169
74088 82513
49160 129126
2191 182311
11641 124839
36024 198105
12317 130621
71305 188612
106991 154278
140463 152383
128324 130379
112105 190610
154802 166405
43573 165000
1283 193666
28866 33913
117870 178001
132584 165280
24108 118087
78808 193697
104527 145103
32807 53922
115189 158324
70052 74143
70648 92548
20899 158376
4267 121350
5153 149091
3799 26508
85338 179724
133754 178528
18801 74422
7291 150231
94507 98497
13256 170520
70969 150173
28596 78988
41079 137275
162852 169993
126715 132488
87310 186743
37960 64533
50848 126847
40435 137028
26452 118708
87113 177420
51895 102536
106401 174665
44044 150985
94194 150139
109615 160004
18403 141781
31033 92438
93399 109804
98875 116927
36788 77908
6490 22645
45200 100315
2384 44397
159486 188604
178812 187012
112588 184280
25364 127187
53633 75382
26939 97391
81797 135224
103102 182417
69381 152772
46792 114793
14597 95022
162124 199414
111978 143918
64121 180849
46714 188665
81227 97108
72924 189481
93673 104504
55286 89638
138110 184160
68757 172932
20174 38701
81374 129497
45594 114324
64352 116631
109062 157334
42822 145058
508 168765
29710 96582
112548 166225
66029 68738
116107 161425
42520 164466
37810 114925
73268 122834
143700 164683
94344 140174
108152 183897
31301 139851
59687 69675
116599 185298
60266 123904
9245 141458
45910 47929
103023 152966
22829 94608
46282 75476
165458 183701
3180 63843
140510 199924
145932 183605
21810 48192
62374 70344
140021 156958
146786 179447
12221 67566
157905 171850
73607 117360
18471 132769
17340 21242
4838 151569
62236 82422
30173 37373
32076 125187
39292 134243
106008 156648
147410 173651
11872 104554
135194 156063
102643 159519
165227 189716
169074 190863
98549 123948
12123 45440
24402 120482
6856 149637
70761 79273
97814 137486
126895 171239
111410 177575
34401 191392
161325 161824
8836 27991
178230 183421
45187 170520
79625 116993
80396 106035
17741 79382
34974 188154
102320 115364
13903 131534
138455 142263
6796 146417
126488 150355
18321 97329
146973 161886
62262 73989
135765 162419
38838 38964
103078 131763
58017 197562
64372 191442
6770 31685
89656 186044
40781 152666
19784 166364
124539 147820
118957 157724
81721 161692
126240 174158
1372 192347
64309 164334
55094 98139
60512 171646
72074 148806
30254 168384
47268 61698
21591 175124
154197 189642
116492 156074
88832 101838
53983 95890
52078 169629
38579 106822
6228 130063
127155 174862
181 77563
163699 171771
69986 101782
138445 193462
190019 196220
159203 185945
81673 139473
68816 76945
62868 143027
113468 151406
19687 78039
66395 67164
81985 132505
59736 152519
97891 101119
161076 197291
66795 133453
2398 57788
44170 102435
158294 165686
11278 100288
38049 149311
48284 172567
60392 119444
38323 185413
54800 145722
51104 56514
45073 92407
30192 70488
53775 100611
174170 188270
59331 105718
142636 174507
164848 169032
193022 196635
113351 114975
3686 146067
60126 124321
2816 129040
66521 109248
46241 150951
39418 170646
3711 23790
64591 82963
68305 130068
49953 81415
141314 178676
32444 145051
86769 149426
121149 187158
9076 118811
1740 13504
37732 47182
138713 172208
72978 119578
53561 154941
21865 140742
26674 76759
26713 111031
13761 38041
62851 190120
86067 169006
22176 52916
25371 182054
60712 134025
38130 95030
94902 157173
2134 16604
3261 186054
134445 147098
9775 89893
90246 94867
87694 138834
433 18476
105314 173666
78678 165628
66024 186873
37106 189423
79422 162973
90271 162668
43291 145172
53878 93141
10522 64070
97466 129695
9330 136644
108511 123924
92374 186647
37842 55933
3705 189102
86794 148831
53603 104771
22194 86061
88343 143381
19428 111441
110943 120350
1290 194115
142247 146900
77356 147378
11261 63377
190813 196167
108626 167422
14858 26492
26958 96891
111434 189881
24302 36414
87073 119948
27179 48193
7414 59459
59527 132359
4405 139462
28203 97377
7918 69608
58659 195606
27872 187606
47063 104759
173122 183907
115196 171389
38340 130771
11041 154251
55576 82921
45437 49544
7571 128739
38579 66228
17748 142496
72877 83596
13092 67271
33461 70374
34950 47730
103432 143566
73327 188029
106713 188276
25241 155013
17672 161711
39507 100347
1082 132197
20137 126433
26962 132399
144935 188690
1507 43293
12450 172762
6169 80039
128688 132476
14230 32744
20403 24853
128439 147670
26381 110164
110338 197880
158112 199150
67281 73168
43583 66713
36070 190307
659 62660
16125 102392
49593 129525
34843 160417
23089 161270
99953 125254
18225 188728
21067 167986
178647 194760
91542 93316
13277 33701
96585 189947
49198 186272
155297 185005
24430 164008
32327 84201
154050 175723
72907 74614
17666 84044
42388 135961
53001 168505
50759 159986
2994 87957
28190 127105
76439 90279
64036 81136
105451 190517
2020 161632
25466 99672
33897 136458
34394 186019
77016 137758
3724 25789
12032 59539
51895 98544
61036 125681
81012 178317
80333 190912
11454 22454
39306 131305
33224 90036
104682 153130
73731 98736
21349 53409
30456 199778
85576 171757
146490 199360
32465 134689
10939 183064
94878 159064
172427 194101
102244 126770
74560 158711
1774 22158
71941 140037
66832 165821
37185 122751
140933 171866
30054 104178
133523 167341
57103 57692
65358 157798
863 58868
75228 114917
31306 53156
83149 156042
141973 183006
33295 55025
4496 180268
26086 124751
114500 160501
79157 165451
163340 199183
78726 191454
3389 31569
75131 134271
74803 108384
155266 156729
54372 54707
126172 143245
3187 113699
15134 57590
74921 167764
43145 68877
5540 187554
54992 71018
56343 86070
107155 197788
130336 171628
28869 155495
102553 178130
121448 171738
100409 155351
27121 109344
112898 133065
40418 64822
13024 24614
776 121642
50624 87680
57734 170590
83717 184578
83810 84718
26670 48188
32194 189102
83398 158342
108794 120807
78107 113950
69865 112136
8052 38369
57975 194430
25749 66838
27227 172959
76154 145373
121026 145217
119553 121565
135457 169797
77650 119790
35008 78160
5324 102957
123291 145577
123561 194530
33937 150554
91414 181883
66692 177466
17175 125444
63638 190995
7664 69699
76716 188326
109953 136750
54071 76863
109495 196075
46519 74306
4378 41510
38562 73352
43026 68549
132111 171836
84199 124258
103655 159735
30431 94546
41466 56820
24262 161653
164882 181323
81376 96386
72667 123620
20284 132551
153526 160522
18378 35034
111386 120449
66235 190541
104994 175664
48640 190778
131793 132092
133450 187827
157742 198682
128378 138910
81817 132374
55115 142493
30936 129187
75076 162575
48508 195849
67855 117468
28090 91944
115532 187386
28146 56765
9612 84986
17499 96810
1355 12267
129710 178611
18545 62802
25409 142227
118557 198105
5812 168053
122908 189797
49969 144200
57531 61883
47734 66829
2042 125889
98398 161470
60902 75526
4177 78247
37662 73992
18083 59225
136882 165365
47261 136504
120659 143945
89028 140332
33514 54495
4527 112894
6503 29306
150606 154768
60125 78059
85615 182398
3170 58318
58992 140392
86512 192433
43126 46857
96012 168111
84323 150649
144541 191476
4745 37724
10773 119042
5670 108122
64931 113277
17599 142395
127405 143507
54455 139269
40726 143493
71494 180821
46695 89303
6616 89571
110770 137815
46288 105763
69067 191220
37788 174501
40994 85924
123271 154868
97806 122515
17475 162621
33690 136084
27761 43042
17769 186864
85892 170897
2193 4254
69300 101085
141304 196877
117207 175920
30560 88372
20585 122137
135384 162907
96351 170544
20972 60170
106207 188911
23694 175331
112747 186169
142065 187366
83673 101390
4464 15672
62403 150978
100504 160212
102583 125364
86020 187004
11040 21257
121771 177374
45123 91478
105764 182520
31876 34418
45498 146340
40962 177041
46070 90154
93617 133968
104239 178812
92379 150790
46067 153777
6660 176856
53419 58313
109245 154721
36513 147250
118896 194259
44586 125422
134713 169396
74865 147965
151509 164915
90503 167319
35202 184788
83210 138185
17506 64665
30443 40952
127717 139660
31741 151317
80392 120612
47619 131317
1267 101665
155613 192147
1121 42112
111484 198333
130802 187299
4263 153841
82146 128448
3435 111095
29456 97993
25882 41972
13040 142286
141398 197787
168594 180149
141802 144886
4937 141697
103520 125693
87790 194835
52803 146277
18825 57495
110509 127239
9025 172955
18691 146913
12636 31521
11555 62493
54415 96723
31680 137557
94350 155426
52024 131768
82884 156041
10037 92712
87332 158930
23157 194016
32194 195760
141342 143776
54254 149556
20575 123877
20592 156872
22533 176392
43423 162748
84556 135009
87385 173572
21488 121680
146867 165351
155818 164965
120977 173749
31569 102637
156358 184881
28717 68399
70146 154090
62589 98503
101003 129210
64797 169487
115490 139231
119576 162815
32645 113895
70183 141906
120278 134410
66689 89870
60188 114823
84368 148427
17347 69446
67568 110929
56834 192745
5955 47160
136644 138713
6677 139530
10161 171380
21260 192126
38706 104913
93643 190156
22353 53183
131460 196316
46767 47486
34915 146395
48254 137844
2052 144909
84097 123076
53697 197516
35383 51480
77229 180597
6022 56140
48380 128875
116518 118630
78469 154507
100096 171154
7827 129941
64889 68155
84844 134452
81625 118299
22234 29195
10642 62450
64760 174780
73524 103037
18685 116551
146216 159843
154633 195861
59983 137849
69332 186143
43623 58543
121105 147419
46646 157019
87183 174121
30952 85163
94063 161312
166248 199423
73184 166259
9706 111494
98043 122951
144685 183404
23383 80225
19548 109930
44932 88062
7248 15659
125343 193443
85336 146678
22570 120799
66051 117652
30091 128436
118886 191519
77782 96079
12137 125326
102927 163488
2107 110867
76259 180404
146558 151871
5123 67557
98749 181999
36326 71986
52796 188730
2184 157977
178872 196042
84127 150691
172035 193669
173762 193296
19858 148604
123188 150326
698 82420
137150 156485
119390 168761
7240 129150
52349 79077
136788 182134
281 70565
123351 130599
28757 42548
141362 152195
86609 189852
42934 123907
103014 170432
53774 96423
23173 57253
25142 89188
55289 85843
48099 92731
21837 170647
14529 173762
175783 198448
51941 199330
1267 110644
82424 199709
96675 98338
177021 191496
114460 157413
24914 104485
47345 107113
38193 189960
126768 171617
108210 147765
60718 194198
30955 53827
42842 51663
110289 179980
107900 120296
8737 91601
28938 53556
43777 189691
139045 178334
10039 150947
82602 91160
60429 161804
15181 109231
98514 150814
74265 113476
156537 171783
105996 108715
12926 135522
23544 50761
80555 119245
30186 84599
21308 80106
186276 199323
125433 194293
22087 193267
31774 55035
5895 134959
60844 87547
7804 61915
12328 99937
27838 180628
35132 61917
32284 170478
86138 153526
60363 135892
83510 199694
101073 143939
37493 64125
15922 190403
32580 118906
152721 160995
23409 165172
54238 95189
68433 189112
40882 55235
143332 189931
64402 148086
37004 120479
22669 184006
104748 197992
158225 193772
67570 151008
11606 177924
52106 181496
121214 135657
116237 151872
122965 131247
93190 161991
13498 175056
125518 162349
60911 61488
54209 137688
159708 198222
34251 102985
16162 143481
82057 149697
81573 118431
115660 158391
12916 75958
92948 169395
116072 174978
