num pairs: 150, min val: 1, max val: 10000922 9035
9795 9888
2959 3722
6191 9883
2382 3215
8928 9619
7122 9496
3630 6682
2568 8656
9958 9996
8088 9377
9426 9716
638 4606
3593 4167
8954 9034
8694 9239
33 2204
6466 8566
4320 9622
2969 4683
4667 7008
668 6955
3942 7506
5342 6898
7673 9867
3603 5181
2498 5095
1027 4112
6993 7136
1206 6779
72 7364
337 8889
8227 9678
2304 9138
4882 7344
8678 9382
6126 7356
8659 9313
7082 8434
4378 5439
4478 9867
6060 9907
9683 9874
801 6225
1494 4186
5669 5673
6786 8874
9003 9440
4010 9617
7319 7328
8718 9503
5195 7340
4170 5897
7789 8765
5270 9789
5843 8447
2103 3336
2146 3342
4964 6606
2937 5292
1074 3395
9982 9986
5744 6714
9269 9911
3342 9265
3046 6341
1344 6645
4084 9454
4581 8818
9281 9975
8492 8621
8769 8932
8842 9605
3145 3817
2290 7958
9686 9994
3002 3047
1383 4306
5664 9921
4633 8165
9191 9278
4294 6074
6280 7012
2403 4616
7496 8391
8915 9366
7659 9258
8820 8938
4575 9297
4128 8343
5062 6283
2289 7171
183 2816
3867 4437
9243 9905
9294 9605
3015 8204
1942 3958
5975 6647
8054 9670
4614 4933
9407 9930
6303 6719
7090 9953
8779 9743
4517 4620
4753 6793
1665 1779
5815 9872
7496 7833
9436 9868
1725 8018
325 1169
1310 9082
7626 8572
2287 6768
7756 9528
2987 7790
9044 9147
8634 8714
2876 5400
1057 9720
733 2087
7914 9498
2876 8414
1752 9151
4748 7790
3107 5309
6855 9502
7670 7873
1193 1337
7238 8002
2642 3865
4926 8817
5415 5558
2377 7025
6131 6560
61 5401
8565 9400
7272 8679
7466 8565
26 5996
4151 8477
983 5319
5592 8570
861 8835
5268 9713
706 966
8581 9839
5896 9844
