num pairs: 100, min val: 1, max val: 99999
30798 36558
51430 63153
4938 74974
19441 92935
10166 18816
75474 78051
53140 91673
6952 71731
23524 55328
2489 38830
2804 84044
11471 96841
61003 94110
44124 87460
4488 86471
9178 70161
19442 33139
21240 60812
18663 69113
38295 46385
4449 62854
61667 62799
638 92531
56327 98578
15376 48509
40937 65913
9183 17906
35570 61456
36965 93872
56693 59875
23536 38617
37526 81431
56576 94208
32726 32892
15241 50896
49630 92409
38480 80895
10141 48828
17070 90025
50581 88050
1489 49896
26861 70025
28311 46238
20943 24468
8018 56637
74016 75208
6391 55535
68711 97838
13560 92140
45967 81567
10865 28011
28073 53756
35561 39341
85682 96390
11932 94729
9581 35443
67875 96391
4210 66103
91033 94840
8924 71355
18187 37478
48009 83411
11278 92971
45076 65020
40528 80790
62698 79458
50961 72920
25716 86998
26450 52002
16767 25816
38088 90941
43209 82423
19967 96808
41248 98004
30403 69426
23204 92600
25519 92904
11874 88230
33603 96184
38733 75390
11769 54644
34028 94520
59896 80961
49672 61972
32095 35420
53761 70431
41278 54359
29918 56062
28481 31785
1611 55574
56117 71804
6458 66477
36848 47749
16042 37565
17421 73673
55 93138
13583 97154
6304 63689
54323 79161
62859 65859
