num pairs: 200, min val: 1, max val: 100000
3747 4870
46893 77294
50147 87303
4096 18095
4318 39813
4132 22018
9542 48709
68236 98448
33981 90320
53066 53826
46967 65951
15625 46390
81526 87657
3862 75084
15624 62337
27332 83499
6451 96319
16079 22215
19864 70646
27989 36293
65143 84852
34856 40346
88150 99581
31490 59030
20449 41955
29481 84448
19626 31634
12075 83018
46188 58636
82990 89820
5885 10120
2505 47255
66071 68525
76537 83542
50899 69092
40908 55243
17183 91409
11376 43335
26979 97621
65260 73299
39853 86934
24410 34226
18052 86242
33666 99319
75095 81455
23239 74172
15884 17675
65887 75786
92138 94098
49361 92967
35646 38627
51347 58985
20158 92136
6049 25266
15881 91867
59354 83608
2861 23599
66897 92166
18115 78190
43555 84519
2820 90400
27362 90906
17304 97092
38838 80027
38982 78991
26679 65275
78811 94350
5656 7679
36444 80054
17151 42313
42691 80070
24655 46360
29212 91582
2137 5291
24014 36208
49878 98187
20476 65662
4171 73453
48146 87437
23525 76058
27702 71902
32534 76034
20788 73427
41031 56391
26564 44686
2295 52089
8362 39566
39066 71154
5158 32368
24050 85433
4479 70836
17865 19755
28587 59084
53570 86588
6086 75509
43244 98431
78935 87346
36105 88646
2165 46864
57610 81274
7912 30481
77654 82193
4477 46012
64134 73779
13928 29933
42901 94382
7631 96078
19982 23431
34731 78762
49293 94237
50864 54014
53156 72969
54917 90635
20866 51108
26538 79317
85901 95714
16378 76703
59636 63457
25156 63128
34515 59586
39652 97253
22510 92688
25419 95070
41937 71966
20473 27465
35239 36832
23146 86473
69615 86681
10269 25694
94458 94768
35170 87525
24016 55229
18180 73817
62547 96513
24909 40888
9248 26047
15798 22928
22520 42425
51686 88987
22018 89415
86215 88466
257 29301
2322 28631
26705 64033
19109 46366
14153 30806
1057 71864
23908 60169
28866 53191
15460 31630
46013 76309
20971 45925
11563 62375
455 2392
12528 78136
25401 48161
58830 90580
23927 43372
225 68028
27635 31471
9831 11465
62572 87646
55919 83219
24248 50150
51597 57152
13957 70602
51772 97661
27822 52938
61109 98835
20317 58729
9164 61864
58671 71964
43159 56144
55252 58744
664 67279
31929 67796
55326 82893
2915 91917
16145 26960
77229 85543
15351 48762
15450 93911
51839 69887
29488 43297
51833 57130
31447 93761
11216 46663
25270 34064
57620 78486
37442 78191
66205 91078
21237 25765
45965 52402
16876 98780
41112 91500
53295 65230
5975 63313
50278 73791
25547 41258
17527 59044
